2.2
31352
2.20015
31288
2.2003
31088
2.20045
32048
2.2006
31536
2.20075
31088
2.2009
31176
2.20105
30184
2.2012
31136
2.20135
28736
2.2015
30488
2.20165
31264
2.2018
30536
2.20195
30600
2.2021
31584
2.20225
30600
2.2024
30776
2.20255
30552
2.2027
29864
2.20285
31560
2.203
31336
2.20315
30264
2.2033
32016
2.20345
31392
2.2036
30472
2.20375
31072
2.2039
31880
2.20405
30376
2.2042
30984
2.20435
31640
2.2045
30928
2.20465
31176
2.2048
29688
2.20495
30768
2.2051
30672
2.20525
31184
2.2054
30328
2.20555
29944
2.2057
30464
2.20585
30488
2.206
31488
2.20615
30776
2.2063
30472
2.20645
30664
2.2066
30440
2.20675
31488
2.2069
30488
2.20705
29984
2.2072
30944
2.20735
31520
2.2075
30808
2.20765
31008
2.2078
30576
2.20795
30792
2.2081
30912
2.20825
31520
2.2084
31048
2.20855
30056
2.2087
29656
2.20885
30472
2.209
30992
2.20915
30976
2.2093
30960
2.20945
31080
2.2096
31016
2.20975
29600
2.2099
30592
2.21005
30216
2.2102
30248
2.21035
31112
2.2105
30272
2.21065
30984
2.2108
30112
2.21095
30368
2.2111
31288
2.21125
30936
2.2114
30136
2.21155
31160
2.2117
31488
2.21185
30024
2.212
31048
2.21215
31624
2.2123
30352
2.21245
30896
2.2126
31584
2.21275
30808
2.2129
30952
2.21305
30264
2.2132
30776
2.21335
30176
2.2135
30288
2.21365
29760
2.2138
29552
2.21395
29776
2.2141
30320
2.21425
30824
2.2144
30272
2.21455
30024
2.2147
30712
2.21485
31816
2.215
30736
2.21515
30096
2.2153
29760
2.21545
29856
2.2156
30592
2.21575
30112
2.2159
30640
2.21605
30608
2.2162
30984
2.21635
29504
2.2165
30712
2.21665
31128
2.2168
30936
2.21695
30080
2.2171
31368
2.21725
30664
2.2174
30528
2.21755
30768
2.2177
31000
2.21785
30712
2.218
30440
2.21815
30136
2.2183
30912
2.21845
31272
2.2186
30552
2.21875
30560
2.2189
31168
2.21905
30496
2.2192
30232
2.21935
30720
2.2195
29800
2.21965
29752
2.2198
30176
2.21995
30720
2.2201
30296
2.22025
30432
2.2204
30736
2.22055
31144
2.2207
31120
2.22085
31112
2.221
30872
2.22115
29104
2.2213
30312
2.22145
30136
2.2216
30072
2.22175
29408
2.22189
30144
2.22204
29712
2.22219
29872
2.22234
30376
2.22249
29816
2.22264
30344
2.22279
30008
2.22294
29368
2.22309
30784
2.22324
30112
2.22339
30272
2.22354
29584
2.22369
30440
2.22384
29696
2.22399
31288
2.22414
30816
2.22429
29896
2.22444
30432
2.22459
31352
2.22474
29744
2.22489
30096
2.22504
29896
2.22519
30696
2.22534
29720
2.22549
31312
2.22564
29832
2.22579
30464
2.22594
30536
2.22609
29168
2.22624
30432
2.22639
30872
2.22654
30104
2.22669
28536
2.22684
30752
2.22699
29640
2.22714
29568
2.22729
30288
2.22744
30112
2.22759
29024
2.22774
30848
2.22789
30360
2.22804
29928
2.22819
29840
2.22834
30096
2.22849
30200
2.22864
29856
2.22879
30016
2.22894
29760
2.22909
29296
2.22924
28960
2.22939
29544
2.22954
29808
2.22969
29392
2.22984
29312
2.22999
29824
2.23014
30296
2.23029
30736
2.23044
30200
2.23059
30672
2.23074
29768
2.23089
29960
2.23104
29656
2.23119
29072
2.23134
30160
2.23149
29464
2.23164
30792
2.23179
29808
2.23194
29056
2.23209
29296
2.23224
30256
2.23239
29392
2.23254
30208
2.23269
29736
2.23284
29808
2.23299
29256
2.23314
29832
2.23329
29216
2.23344
30768
2.23359
30184
2.23374
30400
2.23389
29768
2.23404
28992
2.23419
30152
2.23434
28880
2.23449
29208
2.23464
29912
2.23479
29384
2.23494
29512
2.23509
30120
2.23524
30072
2.23539
29592
2.23554
30760
2.23569
30312
2.23584
28864
2.23599
29696
2.23614
30352
2.23629
29416
2.23644
30024
2.23659
29848
2.23674
30688
2.23689
29552
2.23704
29240
2.23719
30296
2.23734
29640
2.23749
29208
2.23764
29936
2.23779
30128
2.23794
29192
2.23809
29976
2.23824
29024
2.23839
29872
2.23854
29840
2.23869
29480
2.23884
29888
2.23899
29040
2.23914
29936
2.23929
29752
2.23944
29896
2.23959
29144
2.23974
29504
2.23989
29200
2.24004
29096
2.24019
30104
2.24034
28736
2.24049
29448
2.24064
30048
2.24079
30272
2.24094
29032
2.24109
29560
2.24124
29480
2.24139
28616
2.24154
29560
2.24169
29984
2.24184
29512
2.24199
28680
2.24214
27816
2.24229
29784
2.24244
29288
2.24259
27656
2.24274
29936
2.24289
29616
2.24304
29672
2.24319
29688
2.24334
30144
2.24349
28848
2.24364
30256
2.24379
29136
2.24394
28800
2.24409
30048
2.24424
29088
2.24439
30800
2.24454
29728
2.24469
29320
2.24484
28360
2.24499
29264
2.24514
29928
2.24529
29272
2.24544
29200
2.24559
28768
2.24574
29528
2.24589
29312
2.24604
28144
2.24619
30048
2.24634
28936
2.24649
30096
2.24664
29344
2.24679
29392
2.24694
29560
2.24709
29264
2.24724
30192
2.24739
28784
2.24754
29672
2.24769
30152
2.24784
28552
2.24799
28448
2.24814
29456
2.24829
30024
2.24844
29024
2.24859
30104
2.24874
29912
2.24889
28416
2.24904
29472
2.24919
28088
2.24934
28664
2.24949
29664
2.24964
29560
2.24979
28880
2.24994
29904
2.25009
29312
2.25024
30120
2.25039
28760
2.25054
27392
2.25069
29352
2.25084
29632
2.25099
31048
2.25114
29328
2.25129
29496
2.25144
28880
2.25159
29616
2.25174
28888
2.25189
28776
2.25204
28472
2.25219
28584
2.25234
28888
2.25249
29552
2.25264
28576
2.25279
29240
2.25294
28968
2.25309
29472
2.25324
28736
2.25339
29592
2.25354
29424
2.25369
29576
2.25384
28936
2.25399
29392
2.25414
29560
2.25429
28856
2.25444
29088
2.25459
28320
2.25474
28520
2.25489
28232
2.25504
28416
2.25519
29488
2.25534
29040
2.25549
28448
2.25564
28168
2.25579
28480
2.25594
29024
2.25609
28824
2.25624
28496
2.25639
28208
2.25654
30648
2.25669
28624
2.25684
29144
2.25699
29392
2.25714
28792
2.25729
29320
2.25744
29232
2.25759
29296
2.25774
28672
2.25789
29576
2.25804
30248
2.25819
27072
2.25834
28712
2.25849
29712
2.25864
30184
2.25879
29368
2.25894
28664
2.25909
28840
2.25924
27328
2.25939
28384
2.25954
29080
2.25969
28656
2.25984
29056
2.25999
28896
2.26014
28736
2.26029
27960
2.26044
29232
2.26059
28440
2.26074
28648
2.26089
28696
2.26104
29520
2.26119
30176
2.26134
27960
2.26149
28552
2.26164
27696
2.26179
28376
2.26194
29712
2.26209
29936
2.26224
28408
2.26239
29456
2.26254
29488
2.26269
29304
2.26284
29152
2.26299
28520
2.26314
28304
2.26329
28712
2.26344
28464
2.26359
27064
2.26374
28976
2.26389
29552
2.26404
29032
2.26419
28024
2.26434
28672
2.26449
27496
2.26464
28560
2.26479
28816
2.26494
28640
2.26508
27968
2.26523
28616
2.26538
29128
2.26553
29832
2.26568
29528
2.26583
28928
2.26598
28440
2.26613
28872
2.26628
28944
2.26643
28408
2.26658
29336
2.26673
26792
2.26688
28712
2.26703
27752
2.26718
28944
2.26733
27072
2.26748
26464
2.26763
29200
2.26778
28080
2.26793
28576
2.26808
28704
2.26823
27920
2.26838
27720
2.26853
28112
2.26868
27152
2.26883
27912
2.26898
27528
2.26913
29080
2.26928
29184
2.26943
27424
2.26958
29416
2.26973
28064
2.26988
28400
2.27003
28032
2.27018
28192
2.27033
28728
2.27048
26848
2.27063
28816
2.27078
28720
2.27093
28368
2.27108
28624
2.27123
29064
2.27138
29200
2.27153
28736
2.27168
27416
2.27183
29056
2.27198
28552
2.27213
27816
2.27228
29232
2.27243
28640
2.27258
28416
2.27273
27384
2.27288
27976
2.27303
27832
2.27318
29064
2.27333
28312
2.27348
27168
2.27363
28680
2.27378
29440
2.27393
28024
2.27408
27280
2.27423
27920
2.27438
28168
2.27453
28952
2.27468
29568
2.27483
27920
2.27498
28208
2.27513
27072
2.27528
28512
2.27543
29248
2.27558
28688
2.27573
27568
2.27588
27840
2.27603
27160
2.27618
30112
2.27633
28568
2.27648
28072
2.27663
28768
2.27678
28824
2.27693
28856
2.27708
27984
2.27723
28016
2.27738
28288
2.27753
27704
2.27768
27456
2.27783
26944
2.27798
27960
2.27813
29208
2.27828
27656
2.27843
28424
2.27858
27936
2.27873
28168
2.27888
27824
2.27903
28872
2.27918
28232
2.27933
27760
2.27948
27320
2.27963
28248
2.27978
27336
2.27993
28528
2.28008
27752
2.28023
27416
2.28038
28760
2.28053
28064
2.28068
28160
2.28083
28272
2.28098
27896
2.28113
28600
2.28128
28744
2.28143
26040
2.28158
26360
2.28173
30192
2.28188
28248
2.28203
27296
2.28218
28536
2.28233
28912
2.28248
27248
2.28263
28384
2.28278
26920
2.28293
27824
2.28308
26696
2.28323
27576
2.28338
28200
2.28353
26872
2.28368
26472
2.28383
26768
2.28398
28168
2.28413
28032
2.28428
28728
2.28443
27112
2.28458
26016
2.28473
26376
2.28488
27016
2.28503
28416
2.28518
28072
2.28533
27960
2.28548
27184
2.28563
28360
2.28578
28648
2.28593
27616
2.28608
27408
2.28623
27200
2.28638
27720
2.28653
28040
2.28668
26992
2.28683
27096
2.28698
27544
2.28713
26160
2.28728
28256
2.28743
27336
2.28758
27592
2.28773
27312
2.28788
26784
2.28803
28472
2.28818
27464
2.28833
26544
2.28848
27224
2.28863
26128
2.28878
27784
2.28893
28184
2.28908
27256
2.28923
26512
2.28938
27160
2.28953
27744
2.28968
27096
2.28983
26880
2.28998
28024
2.29013
28456
2.29028
26624
2.29043
26800
2.29058
26168
2.29073
28216
2.29088
26504
2.29103
27904
2.29118
27112
2.29133
27704
2.29148
28224
2.29163
27776
2.29178
25776
2.29193
26896
2.29208
26576
2.29223
26208
2.29238
27496
2.29253
25952
2.29268
27736
2.29283
28096
2.29298
26904
2.29313
27232
2.29328
26584
2.29343
26688
2.29358
26816
2.29373
26808
2.29388
26336
2.29403
27744
2.29418
27168
2.29433
27624
2.29448
27016
2.29463
26336
2.29478
26992
2.29493
27816
2.29508
26880
2.29523
26888
2.29538
25808
2.29553
28448
2.29568
26744
2.29583
27800
2.29598
26856
2.29613
27680
2.29628
27584
2.29643
25872
2.29658
25760
2.29673
28008
2.29688
26136
2.29703
28136
2.29718
27312
2.29733
27680
2.29748
27320
2.29763
27352
2.29778
27296
2.29793
27824
2.29808
27208
2.29823
28160
2.29838
27048
2.29853
28016
2.29868
26624
2.29883
26720
2.29898
26784
2.29913
26640
2.29928
26272
2.29943
26608
2.29958
27152
2.29973
28024
2.29988
27392
2.30003
26904
2.30018
26704
2.30033
27072
2.30048
27088
2.30063
27376
2.30078
26424
2.30093
26832
2.30108
26592
2.30123
26856
2.30138
26480
2.30153
27576
2.30168
26928
2.30183
27048
2.30198
26984
2.30213
27136
2.30228
26824
2.30243
27000
2.30258
27072
2.30273
26784
2.30288
27968
2.30303
25640
2.30318
25896
2.30333
27576
2.30348
27280
2.30363
26232
2.30378
26728
2.30393
27632
2.30408
26776
2.30423
28160
2.30438
26944
2.30453
26120
2.30468
26640
2.30483
26616
2.30498
26808
2.30513
26680
2.30528
25888
2.30543
26424
2.30558
27504
2.30573
26856
2.30588
26856
2.30603
26632
2.30618
25664
2.30633
26128
2.30648
25368
2.30663
26200
2.30678
27376
2.30693
27080
2.30708
26496
2.30723
26600
2.30738
25648
2.30753
26736
2.30768
26304
2.30783
26792
2.30798
27944
2.30813
25224
2.30827
26808
2.30842
26472
2.30857
26696
2.30872
26584
2.30887
26808
2.30902
27064
2.30917
26520
2.30932
26688
2.30947
26176
2.30962
27392
2.30977
25960
2.30992
27416
2.31007
26168
2.31022
26584
2.31037
27640
2.31052
26672
2.31067
26584
2.31082
25432
2.31097
26208
2.31112
26696
2.31127
25736
2.31142
26936
2.31157
27480
2.31172
25528
2.31187
26000
2.31202
27160
2.31217
25824
2.31232
25760
2.31247
26872
2.31262
25760
2.31277
27208
2.31292
27368
2.31307
25080
2.31322
26520
2.31337
26272
2.31352
26712
2.31367
26400
2.31382
27088
2.31397
26384
2.31412
25832
2.31427
27264
2.31442
27216
2.31457
26440
2.31472
25448
2.31487
26064
2.31502
26488
2.31517
25648
2.31532
25736
2.31547
27072
2.31562
26304
2.31577
26680
2.31592
27192
2.31607
26944
2.31622
26392
2.31637
25688
2.31652
26448
2.31667
25600
2.31682
27040
2.31697
26480
2.31712
26904
2.31727
25736
2.31742
26152
2.31757
25208
2.31772
26384
2.31787
26208
2.31802
26112
2.31817
25360
2.31832
26688
2.31847
26928
2.31862
25872
2.31877
26888
2.31892
26288
2.31907
25784
2.31922
26064
2.31937
25568
2.31952
27152
2.31967
25456
2.31982
26056
2.31997
25944
2.32012
27016
2.32027
27456
2.32042
26408
2.32057
26888
2.32072
27040
2.32087
26192
2.32102
26576
2.32117
25616
2.32132
25824
2.32147
27056
2.32162
27376
2.32177
25952
2.32192
26192
2.32207
25824
2.32222
25224
2.32237
26656
2.32252
25264
2.32267
26072
2.32282
25968
2.32297
27080
2.32312
25920
2.32327
25832
2.32342
25864
2.32357
25456
2.32372
25776
2.32387
26384
2.32402
25072
2.32417
25440
2.32432
26248
2.32447
25880
2.32462
25872
2.32477
26672
2.32492
26648
2.32507
26440
2.32522
26552
2.32537
25488
2.32552
25536
2.32567
26296
2.32582
26880
2.32597
26576
2.32612
25800
2.32627
26152
2.32642
25824
2.32657
26872
2.32672
26448
2.32687
26184
2.32702
26152
2.32717
25952
2.32732
25592
2.32747
26504
2.32762
25608
2.32777
25688
2.32792
25312
2.32807
25496
2.32822
26592
2.32837
25976
2.32852
26688
2.32867
25520
2.32882
26112
2.32897
25392
2.32912
26920
2.32927
26304
2.32942
25848
2.32957
25424
2.32972
26152
2.32987
25464
2.33002
25856
2.33017
26232
2.33032
27008
2.33047
24736
2.33062
25936
2.33077
25872
2.33092
25688
2.33107
25192
2.33122
26168
2.33137
25360
2.33152
26376
2.33167
26104
2.33182
25944
2.33197
26432
2.33212
25256
2.33227
26232
2.33242
25296
2.33257
26096
2.33272
26592
2.33287
26264
2.33302
25056
2.33317
26112
2.33332
25000
2.33347
26104
2.33362
26496
2.33377
26208
2.33392
25512
2.33407
25248
2.33422
24520
2.33437
26216
2.33452
26000
2.33467
26128
2.33482
26088
2.33497
25832
2.33512
26160
2.33527
25472
2.33542
25112
2.33557
25960
2.33572
25584
2.33587
24960
2.33602
24632
2.33617
25048
2.33632
26144
2.33647
25472
2.33662
25440
2.33677
25344
2.33692
26320
2.33707
25624
2.33722
25832
2.33737
25720
2.33752
25616
2.33767
24816
2.33782
26096
2.33797
25832
2.33812
24648
2.33827
25768
2.33842
25840
2.33857
25248
2.33872
25624
2.33887
25256
2.33902
26232
2.33917
25760
2.33932
25568
2.33947
27216
2.33962
26128
2.33977
24888
2.33992
27304
2.34007
25032
2.34022
24840
2.34037
24152
2.34052
25648
2.34067
26152
2.34082
25664
2.34097
25024
2.34112
25176
2.34127
25224
2.34142
26424
2.34157
25968
2.34172
25216
2.34187
25176
2.34202
26256
2.34217
26384
2.34232
24992
2.34247
25000
2.34262
25736
2.34277
24928
2.34292
25360
2.34307
25848
2.34322
25616
2.34337
25776
2.34352
25464
2.34367
25264
2.34382
25384
2.34397
25336
2.34412
26496
2.34427
25696
2.34442
25536
2.34457
26576
2.34472
26096
2.34487
25344
2.34502
25144
2.34517
25328
2.34532
25856
2.34547
25328
2.34562
25632
2.34577
25696
2.34592
25952
2.34607
25544
2.34622
24968
2.34637
25584
2.34652
25792
2.34667
25216
2.34682
25344
2.34697
25056
2.34712
25304
2.34727
25584
2.34742
24832
2.34757
25568
2.34772
25272
2.34787
25720
2.34802
24744
2.34817
24440
2.34832
25872
2.34847
25544
2.34862
25432
2.34877
24608
2.34892
24920
2.34907
26584
2.34922
24832
2.34937
25696
2.34952
24600
2.34967
24728
2.34982
25344
2.34997
24888
2.35012
25184
2.35027
25536
2.35042
26112
2.35057
25880
2.35072
25488
2.35087
24928
2.35102
25080
2.35117
24736
2.35132
24896
2.35146
25312
2.35161
26568
2.35176
26448
2.35191
25864
2.35206
25712
2.35221
25920
2.35236
24776
2.35251
25456
2.35266
25408
2.35281
24720
2.35296
25968
2.35311
25048
2.35326
25080
2.35341
25464
2.35356
24952
2.35371
25376
2.35386
25192
2.35401
24512
2.35416
25712
2.35431
25864
2.35446
25832
2.35461
25320
2.35476
24720
2.35491
24864
2.35506
25200
2.35521
24808
2.35536
25832
2.35551
25080
2.35566
25264
2.35581
24608
2.35596
24800
2.35611
24800
2.35626
25400
2.35641
24896
2.35656
24200
2.35671
24504
2.35686
24744
2.35701
24712
2.35716
24264
2.35731
24392
2.35746
25096
2.35761
24704
2.35776
25424
2.35791
24936
2.35806
25368
2.35821
25136
2.35836
24912
2.35851
25128
2.35866
26056
2.35881
23736
2.35896
25576
2.35911
24144
2.35926
25712
2.35941
23864
2.35956
24304
2.35971
25872
2.35986
24928
2.36001
24576
2.36016
24232
2.36031
25808
2.36046
24992
2.36061
24696
2.36076
24728
2.36091
26080
2.36106
24352
2.36121
25136
2.36136
25120
2.36151
24608
2.36166
24688
2.36181
25184
2.36196
26248
2.36211
24512
2.36226
24504
2.36241
24592
2.36256
24824
2.36271
24440
2.36286
24232
2.36301
24352
2.36316
25528
2.36331
25240
2.36346
24288
2.36361
25000
2.36376
24960
2.36391
25040
2.36406
25288
2.36421
24456
2.36436
25800
2.36451
25112
2.36466
24328
2.36481
24200
2.36496
25056
2.36511
24760
2.36526
24792
2.36541
24224
2.36556
24456
2.36571
24712
2.36586
24464
2.36601
23664
2.36616
24576
2.36631
24776
2.36646
25552
2.36661
24488
2.36676
24064
2.36691
24568
2.36706
24632
2.36721
25232
2.36736
23800
2.36751
25664
2.36766
25056
2.36781
24824
2.36796
25072
2.36811
24256
2.36826
25104
2.36841
25488
2.36856
24648
2.36871
25104
2.36886
24200
2.36901
24496
2.36916
25048
2.36931
24952
2.36946
25272
2.36961
24944
2.36976
24664
2.36991
25016
2.37006
24440
2.37021
24776
2.37036
24760
2.37051
24720
2.37066
25008
2.37081
23896
2.37096
25096
2.37111
24832
2.37126
23840
2.37141
24176
2.37156
23592
2.37171
25168
2.37186
24336
2.37201
24440
2.37216
26264
2.37231
25152
2.37246
25512
2.37261
24832
2.37276
25704
2.37291
25040
2.37306
24240
2.37321
24704
2.37336
24920
2.37351
24752
2.37366
24808
2.37381
25240
2.37396
24536
2.37411
25104
2.37426
24168
2.37441
25016
2.37456
25288
2.37471
24448
2.37486
24240
2.37501
24536
2.37516
24320
2.37531
24432
2.37546
24560
2.37561
24808
2.37576
23792
2.37591
24976
2.37606
25144
2.37621
24168
2.37636
25464
2.37651
25440
2.37666
25016
2.37681
24400
2.37696
25304
2.37711
23248
2.37726
23984
2.37741
23720
2.37756
25344
2.37771
25424
2.37786
25048
2.37801
24808
2.37816
24936
2.37831
24792
2.37846
24304
2.37861
24112
2.37876
24472
2.37891
25088
2.37906
24568
2.37921
24160
2.37936
23952
2.37951
25152
2.37966
25528
2.37981
23496
2.37996
24600
2.38011
24304
2.38026
25416
2.38041
24192
2.38056
23984
2.38071
24624
2.38086
24920
2.38101
24840
2.38116
25112
2.38131
24984
2.38146
25096
2.38161
24080
2.38176
24488
2.38191
24464
2.38206
24560
2.38221
25832
2.38236
24712
2.38251
24952
2.38266
24576
2.38281
24160
2.38296
24352
2.38311
24456
2.38326
24752
2.38341
24336
2.38356
24880
2.38371
24168
2.38386
23888
2.38401
24408
2.38416
24928
2.38431
24720
2.38446
24840
2.38461
23088
2.38476
24680
2.38491
24920
2.38506
25096
2.38521
24112
2.38536
23696
2.38551
24384
2.38566
24664
2.38581
23480
2.38596
24960
2.38611
24104
2.38626
24288
2.38641
24288
2.38656
25352
2.38671
24904
2.38686
23920
2.38701
24016
2.38716
24536
2.38731
23928
2.38746
24112
2.38761
23848
2.38776
24104
2.38791
24528
2.38806
23456
2.38821
24464
2.38836
24936
2.38851
25080
2.38866
24056
2.38881
24472
2.38896
25256
2.38911
23944
2.38926
24640
2.38941
23640
2.38956
24392
2.38971
24528
2.38986
25152
2.39001
22896
2.39016
23744
2.39031
24320
2.39046
24440
2.39061
24416
2.39076
24112
2.39091
24928
2.39106
24408
2.39121
24648
2.39136
23448
2.39151
24688
2.39166
24248
2.39181
23688
2.39196
23608
2.39211
24616
2.39226
24976
2.39241
24344
2.39256
23696
2.39271
24584
2.39286
23744
2.39301
25576
2.39316
24368
2.39331
24744
2.39346
23432
2.39361
24696
2.39376
23792
2.39391
23776
2.39406
24712
2.39421
23616
2.39436
23768
2.39451
24784
2.39465
23568
2.3948
24584
2.39495
24048
2.3951
23464
2.39525
23824
2.3954
24896
2.39555
25232
2.3957
23952
2.39585
24592
2.396
23808
2.39615
24264
2.3963
23760
2.39645
24288
2.3966
24296
2.39675
24096
2.3969
25008
2.39705
25048
2.3972
24384
2.39735
25048
2.3975
23800
2.39765
24224
2.3978
23752
2.39795
23928
2.3981
24312
2.39825
25200
2.3984
23968
2.39855
23960
2.3987
23800
2.39885
24264
2.399
24048
2.39915
24160
2.3993
24736
2.39945
24456
2.3996
23976
2.39975
23768
2.3999
23568
