2.2
1 0.8168 
2.20015
1 0.8068 
2.2003
1 0.8228 
2.20045
1 0.8208 
2.2006
1 0.824 
2.20075
1 0.819 
2.2009
1 0.8126 
2.20105
1 0.7672 
2.2012
1 0.7956 
2.20135
1 0.69 
2.2015
1 0.7976 
2.20165
1 0.7962 
2.2018
1 0.773 
2.20195
1 0.7612 
2.2021
1 0.835 
2.20225
1 0.788 
2.2024
1 0.7814 
2.20255
1 0.7644 
2.2027
1 0.6968 
2.20285
1 0.8044 
2.203
1 0.8098 
2.20315
1 0.7336 
2.2033
1 0.825 
2.20345
1 0.8126 
2.2036
1 0.7876 
2.20375
1 0.806 
2.2039
1 0.831 
2.20405
1 0.7472 
2.2042
1 0.802 
2.20435
1 0.7808 
2.2045
1 0.7776 
2.20465
1 0.7464 
2.2048
1 0.7374 
2.20495
1 0.8102 
2.2051
1 0.7804 
2.20525
1 0.764 
2.2054
1 0.7728 
2.20555
1 0.7422 
2.2057
1 0.7094 
2.20585
1 0.7726 
2.206
1 0.807 
2.20615
1 0.824 
2.2063
1 0.783 
2.20645
1 0.7538 
2.2066
1 0.7574 
2.20675
1 0.7994 
2.2069
1 0.7842 
2.20705
1 0.7194 
2.2072
1 0.8196 
2.20735
1 0.8068 
2.2075
1 0.7852 
2.20765
1 0.8088 
2.2078
1 0.808 
2.20795
1 0.7896 
2.2081
1 0.8078 
2.20825
1 0.8258 
2.2084
1 0.8066 
2.20855
1 0.7512 
2.2087
1 0.685 
2.20885
1 0.7574 
2.209
1 0.7932 
2.20915
1 0.7854 
2.2093
1 0.7914 
2.20945
1 0.7952 
2.2096
1 0.742 
2.20975
1 0.7416 
2.2099
1 0.6902 
2.21005
1 0.7298 
2.2102
1 0.7436 
2.21035
1 0.7852 
2.2105
1 0.748 
2.21065
1 0.8164 
2.2108
1 0.743 
2.21095
1 0.774 
2.2111
1 0.7914 
2.21125
1 0.79 
2.2114
1 0.7706 
2.21155
1 0.7994 
2.2117
1 0.801 
2.21185
1 0.7296 
2.212
1 0.8022 
2.21215
1 0.7922 
2.2123
1 0.7642 
2.21245
1 0.7976 
2.2126
1 0.8266 
2.21275
1 0.7692 
2.2129
1 0.787 
2.21305
1 0.792 
2.2132
1 0.7714 
2.21335
1 0.7584 
2.2135
1 0.7696 
2.21365
1 0.6904 
2.2138
1 0.743 
2.21395
1 0.757 
2.2141
1 0.6982 
2.21425
1 0.7964 
2.2144
1 0.7122 
2.21455
1 0.6826 
2.2147
1 0.7624 
2.21485
1 0.8288 
2.215
1 0.801 
2.21515
1 0.7158 
2.2153
1 0.7464 
2.21545
1 0.679 
2.2156
1 0.7628 
2.21575
1 0.7556 
2.2159
1 0.7734 
2.21605
1 0.7816 
2.2162
1 0.7718 
2.21635
1 0.7116 
2.2165
1 0.7804 
2.21665
1 0.728 
2.2168
1 0.8082 
2.21695
1 0.7734 
2.2171
1 0.8162 
2.21725
1 0.7878 
2.2174
1 0.7724 
2.21755
1 0.7974 
2.2177
1 0.7906 
2.21785
1 0.7938 
2.218
1 0.7712 
2.21815
1 0.7676 
2.2183
1 0.7802 
2.21845
1 0.7504 
2.2186
1 0.7832 
2.21875
1 0.7486 
2.2189
1 0.7854 
2.21905
1 0.8076 
2.2192
1 0.765 
2.21935
1 0.779 
2.2195
1 0.765 
2.21965
1 0.711 
2.2198
1 0.763 
2.21995
1 0.7782 
2.2201
1 0.7268 
2.22025
1 0.7756 
2.2204
1 0.7834 
2.22055
1 0.81 
2.2207
1 0.7928 
2.22085
1 0.821 
2.221
1 0.775 
2.22115
1 0.662 
2.2213
1 0.7238 
2.22145
1 0.718 
2.2216
1 0.6672 
2.22175
1 0.7388 
2.22189
1 0.7228 
2.22204
1 0.736 
2.22219
1 0.7196 
2.22234
1 0.7512 
2.22249
1 0.7116 
2.22264
1 0.7834 
2.22279
1 0.7274 
2.22294
1 0.7506 
2.22309
1 0.8016 
2.22324
1 0.7746 
2.22339
1 0.741 
2.22354
1 0.7332 
2.22369
1 0.7498 
2.22384
1 0.75 
2.22399
1 0.8086 
2.22414
1 0.7986 
2.22429
1 0.6988 
2.22444
1 0.7152 
2.22459
1 0.8172 
2.22474
1 0.74 
2.22489
1 0.7666 
2.22504
1 0.768 
2.22519
1 0.795 
2.22534
1 0.6796 
2.22549
1 0.787 
2.22564
1 0.7464 
2.22579
1 0.776 
2.22594
1 0.7682 
2.22609
1 0.681 
2.22624
1 0.76 
2.22639
1 0.7728 
2.22654
1 0.7584 
2.22669
1 0.6216 
2.22684
1 0.7482 
2.22699
1 0.7474 
2.22714
1 0.7456 
2.22729
1 0.6672 
2.22744
1 0.752 
2.22759
1 0.4882 
2.22774
1 0.7916 
2.22789
1 0.7516 
2.22804
1 0.779 
2.22819
1 0.7444 
2.22834
1 0.7622 
2.22849
1 0.731 
2.22864
1 0.7498 
2.22879
1 0.7606 
2.22894
1 0.6922 
2.22909
1 0.723 
2.22924
1 0.7262 
2.22939
1 0.7056 
2.22954
1 0.7378 
2.22969
1 0.632 
2.22984
1 0.7212 
2.22999
1 0.7572 
2.23014
1 0.774 
2.23029
1 0.7858 
2.23044
1 0.7444 
2.23059
1 0.7654 
2.23074
1 0.772 
2.23089
1 0.773 
2.23104
1 0.6988 
2.23119
1 0.7006 
2.23134
1 0.7306 
2.23149
1 0.7144 
2.23164
1 0.7748 
2.23179
1 0.708 
2.23194
1 0.703 
2.23209
1 0.7072 
2.23224
1 0.7608 
2.23239
1 0.683 
2.23254
1 0.516 
2.23269
1 0.6516 
2.23284
1 0.7218 
2.23299
1 0.7072 
2.23314
1 0.6994 
2.23329
1 0.5938 
2.23344
1 0.7912 
2.23359
1 0.7736 
2.23374
1 0.7216 
2.23389
1 0.7508 
2.23404
1 0.6776 
2.23419
1 0.769 
2.23434
1 0.6776 
2.23449
1 0.7138 
2.23464
1 0.7556 
2.23479
1 0.6644 
2.23494
1 0.592 
2.23509
1 0.7718 
2.23524
1 0.7568 
2.23539
1 0.7036 
2.23554
1 0.7854 
2.23569
1 0.7564 
2.23584
1 0.6094 
2.23599
1 0.732 
2.23614
1 0.7142 
2.23629
1 0.6504 
2.23644
1 0.6932 
2.23659
1 0.749 
2.23674
1 0.7802 
2.23689
1 0.6486 
2.23704
1 0.701 
2.23719
1 0.7654 
2.23734
1 0.7206 
2.23749
1 0.6824 
2.23764
1 0.7386 
2.23779
1 0.7478 
2.23794
1 0.6638 
2.23809
1 0.7468 
2.23824
1 0.6842 
2.23839
1 0.7434 
2.23854
1 0.673 
2.23869
1 0.714 
2.23884
1 0.7014 
2.23899
1 0.7036 
2.23914
1 0.754 
2.23929
1 0.7002 
2.23944
1 0.7008 
2.23959
1 0.7402 
2.23974
1 0.7306 
2.23989
1 0.5946 
2.24004
1 0.7114 
2.24019
1 0.7648 
2.24034
1 0.6466 
2.24049
1 0.6906 
2.24064
1 0.7308 
2.24079
1 0.7162 
2.24094
1 0.6556 
2.24109
1 0.721 
2.24124
1 0.7044 
2.24139
1 0.708 
2.24154
1 0.7464 
2.24169
1 0.7496 
2.24184
1 0.6896 
2.24199
1 0.4518 
2.24214
1 0.5704 
2.24229
1 0.7664 
2.24244
1 0.684 
2.24259
1 0.5902 
2.24274
1 0.7268 
2.24289
1 0.7304 
2.24304
1 0.7292 
2.24319
1 0.7354 
2.24334
1 0.7726 
2.24349
1 0.543 
2.24364
1 0.761 
2.24379
1 0.581 
2.24394
1 0.5478 
2.24409
1 0.7648 
2.24424
1 0.6386 
2.24439
1 0.7328 
2.24454
1 0.682 
2.24469
1 0.6116 
2.24484
1 0.5708 
2.24499
1 0.6614 
2.24514
1 0.6062 
2.24529
1 0.6824 
2.24544
1 0.7004 
2.24559
1 0.6344 
2.24574
1 0.7214 
2.24589
1 0.7242 
2.24604
1 0.4654 
2.24619
1 0.7446 
2.24634
1 0.5924 
2.24649
1 0.7614 
2.24664
1 0.6128 
2.24679
1 0.7066 
2.24694
1 0.742 
2.24709
1 0.7046 
2.24724
1 0.7612 
2.24739
1 0.6722 
2.24754
1 0.6494 
2.24769
1 0.7632 
2.24784
1 0.6102 
2.24799
1 0.6668 
2.24814
1 0.7006 
2.24829
1 0.765 
2.24844
1 0.5952 
2.24859
1 0.7548 
2.24874
1 0.7498 
2.24889
1 0.6266 
2.24904
1 0.7448 
2.24919
1 0.671 
2.24934
1 0.5488 
2.24949
1 0.679 
2.24964
1 0.7312 
2.24979
1 0.5492 
2.24994
1 0.7516 
2.25009
1 0.701 
2.25024
1 0.7492 
2.25039
1 0.7038 
2.25054
1 0.3796 
2.25069
1 0.6548 
2.25084
1 0.7276 
2.25099
1 0.8008 
2.25114
1 0.74 
2.25129
1 0.66 
2.25144
1 0.6016 
2.25159
1 0.7248 
2.25174
1 0.5918 
2.25189
1 0.4574 
2.25204
1 0.5624 
2.25219
1 0.668 
2.25234
1 0.538 
2.25249
1 0.7206 
2.25264
1 0.5892 
2.25279
1 0.7076 
2.25294
1 0.6394 
2.25309
1 0.6812 
2.25324
1 0.588 
2.25339
1 0.7054 
2.25354
1 0.727 
2.25369
1 0.5882 
2.25384
1 0.5234 
2.25399
1 0.6798 
2.25414
1 0.7072 
2.25429
1 0.6392 
2.25444
1 0.719 
2.25459
1 0.5682 
2.25474
1 0.4238 
2.25489
1 0.4182 
2.25504
1 0.087 
2.25519
1 0.762 
2.25534
1 0.7028 
2.25549
1 0.651 
2.25564
1 0.619 
2.25579
1 0.6396 
2.25594
1 0.5004 
2.25609
1 0.6662 
2.25624
1 0.6218 
2.25639
1 0.5582 
2.25654
1 0.7854 
2.25669
1 0.6344 
2.25684
1 0.7234 
2.25699
1 0.7106 
2.25714
1 0.6382 
2.25729
1 0.7238 
2.25744
1 0.7254 
2.25759
1 0.7256 
2.25774
1 0.6808 
2.25789
1 0.7184 
2.25804
1 0.756 
2.25819
1 0.0496 
2.25834
1 0.5696 
2.25849
1 0.7548 
2.25864
1 0.7306 
2.25879
1 0.7454 
2.25894
1 0.6116 
2.25909
1 0.538 
2.25924
1 0.453 
2.25939
1 0.5398 
2.25954
1 0.7106 
2.25969
1 0.4016 
2.25984
1 0.6564 
2.25999
1 0.6178 
2.26014
1 0.6202 
2.26029
1 0.5458 
2.26044
1 0.6274 
2.26059
1 0.7058 
2.26074
1 0.6662 
2.26089
1 0.6362 
2.26104
1 0.7138 
2.26119
1 0.7736 
2.26134
1 0.6092 
2.26149
1 0.3984 
2.26164
1 0.5854 
2.26179
1 0.5586 
2.26194
1 0.6994 
2.26209
1 0.7468 
2.26224
1 0.6728 
2.26239
1 0.7312 
2.26254
1 0.7238 
2.26269
1 0.6578 
2.26284
1 0.7156 
2.26299
1 0.5384 
2.26314
1 0.6346 
2.26329
1 0.6476 
2.26344
1 0.6454 
2.26359
1 0.4494 
2.26374
1 0.6252 
2.26389
1 0.6584 
2.26404
1 0.685 
2.26419
1 0.5344 
2.26434
1 0.619 
2.26449
1 0.3534 
2.26464
1 0.6174 
2.26479
1 0.65 
2.26494
1 0.7036 
2.26508
1 0.5664 
2.26523
1 0.681 
2.26538
1 0.6666 
2.26553
1 0.7444 
2.26568
1 0.6866 
2.26583
1 0.642 
2.26598
1 0.644 
2.26613
1 0.6758 
2.26628
1 0.5746 
2.26643
1 0.5574 
2.26658
1 0.6886 
2.26673
1 0.4712 
2.26688
1 0.6268 
2.26703
1 0.5324 
2.26718
1 0.6374 
2.26733
1 0.3938 
2.26748
1 0.13 
2.26763
1 0.596 
2.26778
1 0.591 
2.26793
1 0.6874 
2.26808
1 0.658 
2.26823
1 0.6798 
2.26838
1 0.4712 
2.26853
1 0.5914 
2.26868
1 0.2644 
2.26883
1 0.6064 
2.26898
1 0.477 
2.26913
1 0.6788 
2.26928
1 0.6422 
2.26943
1 0.4392 
2.26958
1 0.6026 
2.26973
1 0.5488 
2.26988
1 0.6702 
2.27003
1 0.493 
2.27018
1 0.6528 
2.27033
1 0.5964 
2.27048
1 0.4596 
2.27063
1 0.6672 
2.27078
1 0.7352 
2.27093
1 0.601 
2.27108
1 0.6522 
2.27123
1 0.68 
2.27138
1 0.719 
2.27153
1 0.6514 
2.27168
1 0.4664 
2.27183
1 0.7092 
2.27198
1 0.579 
2.27213
1 0.5618 
2.27228
1 0.6628 
2.27243
1 0.5256 
2.27258
1 0.6238 
2.27273
1 0.0132 
2.27288
1 0.6358 
2.27303
1 0.6282 
2.27318
1 0.6658 
2.27333
1 0.4984 
2.27348
1 0.296 
2.27363
1 0.646 
2.27378
1 0.5034 
2.27393
1 0.4324 
2.27408
1 0.0478 
2.27423
1 0.3652 
2.27438
1 0.5192 
2.27453
1 0.6966 
2.27468
1 0.7232 
2.27483
1 0.3962 
2.27498
1 0.4942 
2.27513
1 0.1804 
2.27528
1 0.5376 
2.27543
1 0.7236 
2.27558
1 0.5744 
2.27573
1 0.6056 
2.27588
1 0.5812 
2.27603
1 0.0038 
2.27618
1 0.7232 
2.27633
1 0.6026 
2.27648
1 0.34 
2.27663
1 0.5532 
2.27678
1 0.666 
2.27693
1 0.6964 
2.27708
1 0.4524 
2.27723
1 0.4456 
2.27738
1 0.5142 
2.27753
1 0.2172 
2.27768
1 0.2206 
2.27783
1 0.188 
2.27798
1 0.5344 
2.27813
1 0.7364 
2.27828
1 0.3318 
2.27843
1 0.6722 
2.27858
1 0.2868 
2.27873
1 0.5016 
2.27888
1 0.2402 
2.27903
1 0.6462 
2.27918
1 0.5468 
2.27933
1 0.4516 
2.27948
1 0.1504 
2.27963
1 0.5838 
2.27978
1 0.3912 
2.27993
1 0.6728 
2.28008
1 0.6324 
2.28023
1 0.4494 
2.28038
1 0.6544 
2.28053
1 0.542 
2.28068
1 0.6388 
2.28083
1 0.6752 
2.28098
1 0.3584 
2.28113
1 0.5632 
2.28128
1 0.605 
2.28143
1 0.279 
2.28158
1 0.1496 
2.28173
1 0.7126 
2.28188
1 0.5592 
2.28203
1 0.463 
2.28218
1 0.6312 
2.28233
1 0.6528 
2.28248
1 0.506 
2.28263
1 0.702 
2.28278
1 0.383 
2.28293
1 0.1512 
2.28308
1 0.4546 
2.28323
1 0.5374 
2.28338
1 0.6726 
2.28353
1 0.2226 
2.28368
1 0.4152 
2.28383
1 0.5216 
2.28398
1 0.5452 
2.28413
1 0.6714 
2.28428
1 0.621 
2.28443
1 0.1428 
2.28458
1 0.416 
2.28473
1 0.117 
2.28488
1 0.4022 
2.28503
1 0.5476 
2.28518
1 0.3086 
2.28533
1 0.5892 
2.28548
1 0.629 
2.28563
1 0.6402 
2.28578
1 0.6448 
2.28593
1 0.2098 
2.28608
1 0.3458 
2.28623
1 0.508 
2.28638
1 0.6596 
2.28653
1 0.535 
2.28668
1 0.1202 
2.28683
1 0.0454 
2.28698
1 0.6138 
2.28713
1 0.3928 
2.28728
1 0.675 
2.28743
1 0.3358 
2.28758
1 0.3754 
2.28773
1 0.4672 
2.28788
1 0.3816 
2.28803
1 0.5256 
2.28818
1 0.3404 
2.28833
1 0.122 
2.28848
1 0.298 
2.28863
1 0.0388 
2.28878
1 0.3188 
2.28893
1 0.5726 
2.28908
1 0.3796 
2.28923
1 0.107 
2.28938
1 0.1156 
2.28953
1 0.5322 
2.28968
1 0.4186 
2.28983
1 0.1376 
2.28998
1 0.556 
2.29013
1 0.5552 
2.29028
1 0.2802 
2.29043
1 0.4878 
2.29058
1 0.2242 
2.29073
1 0.5534 
2.29088
1 0.3318 
2.29103
1 0.4332 
2.29118
1 0.462 
2.29133
1 0.5702 
2.29148
1 0.6184 
2.29163
1 0.4118 
2.29178
1 0.305 
2.29193
1 0.2596 
2.29208
1 0.5224 
2.29223
1 0.074 
2.29238
1 0.4706 
2.29253
1 0.4208 
2.29268
1 0.5632 
2.29283
1 0.6324 
2.29298
1 0.27 
2.29313
1 0.5392 
2.29328
1 0.0876 
2.29343
1 0.2066 
2.29358
1 0.1198 
2.29373
1 0.3796 
2.29388
1 0.3054 
2.29403
1 0.4028 
2.29418
1 0.5222 
2.29433
1 0.5204 
2.29448
1 0.4372 
2.29463
1 0.348 
2.29478
1 0.3128 
2.29493
1 0.6284 
2.29508
1 0.3806 
2.29523
1 0.1604 
2.29538
1 0.121 
2.29553
1 0.5106 
2.29568
1 0.3406 
2.29583
1 0.2068 
2.29598
1 0.2854 
2.29613
1 0.4878 
2.29628
1 0.5692 
2.29643
1 0.26 
2.29658
1 0.0838 
2.29673
1 0.5714 
2.29688
1 0.0178 
2.29703
1 0.5218 
2.29718
1 0.2384 
2.29733
1 0.0686 
2.29748
1 0.2862 
2.29763
1 0.4382 
2.29778
1 0.4348 
2.29793
1 0.5662 
2.29808
1 0.0118 
2.29823
1 0.6542 
2.29838
1 0.264 
2.29853
1 0.0708 
2.29868
1 0.0202 
2.29883
1 0.5238 
2.29898
1 0.2934 
2.29913
1 0.1902 
2.29928
1 0.021 
2.29943
1 0.4284 
2.29958
1 0.429 
2.29973
1 0.5638 
2.29988
1 0.5484 
2.30003
1 0.4402 
2.30018
1 0.2366 
2.30033
1 0.508 
2.30048
1 0.3134 
2.30063
1 0.0958 
2.30078
1 0.1514 
2.30093
1 0.1848 
2.30108
1 0.4276 
2.30123
1 0.0806 
2.30138
1 0.3448 
2.30153
1 0.5706 
2.30168
1 0.4452 
2.30183
1 0.0482 
2.30198
1 0.3022 
2.30213
1 0.395 
2.30228
1 0.097 
2.30243
1 0.0704 
2.30258
1 0.4294 
2.30273
1 0.1222 
2.30288
1 0.5678 
2.30303
1 0.073 
2.30318
1 0.1706 
2.30333
1 0.6132 
2.30348
1 0.0934 
2.30363
1 0.2102 
2.30378
1 0.4422 
2.30393
1 0.6166 
2.30408
1 0.4022 
2.30423
1 0.2636 
2.30438
1 0.3894 
2.30453
1 0.1158 
2.30468
1 0.4124 
2.30483
1 0.321 
2.30498
1 0.1338 
2.30513
1 0.2254 
2.30528
1 0.1752 
2.30543
1 0.5222 
2.30558
1 0.3596 
2.30573
1 0.058 
2.30588
1 0.242 
2.30603
1 0.3362 
2.30618
1 0.2584 
2.30633
1 0.294 
2.30648
1 0.0742 
2.30663
1 0.2694 
2.30678
1 0.2168 
2.30693
1 0.0156 
2.30708
1 0.421 
2.30723
1 0.1598 
2.30738
1 0.0322 
2.30753
1 0.2108 
2.30768
1 0.2304 
2.30783
1 0.1412 
2.30798
1 0.5276 
2.30813
1 0.1114 
2.30827
1 0.4782 
2.30842
1 0.0732 
2.30857
1 0.1204 
2.30872
1 0.3074 
2.30887
1 0.396 
2.30902
1 0.4254 
2.30917
1 0.4582 
2.30932
1 0.467 
2.30947
1 0.3852 
2.30962
1 0.585 
2.30977
1 0.2334 
2.30992
1 0.451 
2.31007
1 0.171 
2.31022
1 0.158 
2.31037
1 0.555 
2.31052
1 0.0756 
2.31067
1 0.3936 
2.31082
1 0.098 
2.31097
1 0.0744 
2.31112
1 0.374 
2.31127
1 0.1378 
2.31142
1 0.4128 
2.31157
1 0.5574 
2.31172
1 0.096 
2.31187
1 0.2512 
2.31202
1 0.5462 
2.31217
1 0.1674 
2.31232
1 0.2854 
2.31247
1 0.1908 
2.31262
1 0.3276 
2.31277
1 0.4274 
2.31292
1 0.2262 
2.31307
1 0.1578 
2.31322
1 0.4964 
2.31337
1 0.0324 
2.31352
1 0.3532 
2.31367
1 0.0088 
2.31382
1 0.4168 
2.31397
1 0.0876 
2.31412
1 0.2634 
2.31427
1 0.2518 
2.31442
1 0.5328 
2.31457
1 0.539 
2.31472
1 0.1198 
2.31487
1 0.0136 
2.31502
1 0.3454 
2.31517
1 0.358 
2.31532
1 0.2084 
2.31547
1 0.016 
2.31562
1 0.2874 
2.31577
1 0.1612 
2.31592
1 0.4528 
2.31607
1 0.3868 
2.31622
1 0.0958 
2.31637
1 0.1494 
2.31652
1 0.3842 
2.31667
1 0.4192 
2.31682
1 0.1322 
2.31697
1 0.1334 
2.31712
1 0.0172 
2.31727
1 0.0512 
2.31742
1 0.4466 
2.31757
1 0.3256 
2.31772
1 0.4224 
2.31787
1 0.21 
2.31802
1 0.1132 
2.31817
1 0.02 
2.31832
1 0.4652 
2.31847
1 0.2708 
2.31862
1 0.0458 
2.31877
1 0.2964 
2.31892
1 0.0778 
2.31907
1 0.4912 
2.31922
1 0.1358 
2.31937
1 0.219 
2.31952
1 0.0298 
2.31967
1 0.068 
2.31982
1 0.4254 
2.31997
1 0.3972 
2.32012
1 0.42 
2.32027
1 0.3752 
2.32042
1 0.2678 
2.32057
1 0.3758 
2.32072
1 0.1514 
2.32087
1 0.2012 
2.32102
1 0.1244 
2.32117
1 0.1374 
2.32132
1 0.2004 
2.32147
1 0.2242 
2.32162
1 0.5052 
2.32177
1 0.3768 
2.32192
1 0.1136 
2.32207
1 0.1868 
2.32222
1 0.1556 
2.32237
1 0.3598 
2.32252
1 0.0202 
2.32267
1 0.017 
2.32282
1 0.2788 
2.32297
1 0.4922 
2.32312
1 0.053 
2.32327
1 0.3204 
2.32342
1 0.0946 
2.32357
1 0.0606 
2.32372
1 0.3146 
2.32387
1 0.0618 
2.32402
1 0.1578 
2.32417
1 0.1152 
2.32432
1 0.236 
2.32447
1 0.1162 
2.32462
1 0.2446 
2.32477
1 0.2936 
2.32492
1 0.2044 
2.32507
1 0.4956 
2.32522
1 0.245 
2.32537
1 0.1248 
2.32552
1 0.1618 
2.32567
1 0.0802 
2.32582
1 0.223 
2.32597
1 0.2758 
2.32612
1 0.0856 
2.32627
1 0.0464 
2.32642
1 0.1228 
2.32657
1 0.292 
2.32672
1 0.1096 
2.32687
1 0.4376 
2.32702
1 0.3226 
2.32717
1 0.0954 
2.32732
1 0.0054 
2.32747
1 0.1702 
2.32762
1 0.1182 
2.32777
1 0.265 
2.32792
1 0.2796 
2.32807
1 0.0486 
2.32822
1 0.3502 
2.32837
1 0.3004 
2.32852
1 0.4344 
2.32867
1 0.0166 
2.32882
1 0.1172 
2.32897
1 0.2152 
2.32912
1 0.1138 
2.32927
1 0.31 
2.32942
1 0.432 
2.32957
1 0.1616 
2.32972
1 0.247 
2.32987
1 0.0946 
2.33002
1 0.0178 
2.33017
1 0.165 
2.33032
1 0.1342 
2.33047
1 0.0012 
2.33062
1 0.4422 
2.33077
1 0.0752 
2.33092
1 0.2064 
2.33107
1 0.0586 
2.33122
1 0.2834 
2.33137
1 0.0192 
2.33152
1 0.2598 
2.33167
1 0.0838 
2.33182
1 0.2494 
2.33197
1 0.2456 
2.33212
1 0.246 
2.33227
1 0.154 
2.33242
1 0.0852 
2.33257
1 0.1762 
2.33272
1 0.3092 
2.33287
1 0.3248 
2.33302
1 0.2732 
2.33317
1 0.0238 
2.33332
1 0.1382 
2.33347
1 0.4324 
2.33362
1 0.3516 
2.33377
1 0.2272 
2.33392
1 0.1028 
2.33407
1 0.2134 
2.33422
1 0.0106 
2.33437
1 0.4332 
2.33452
1 0.09 
2.33467
1 0.2016 
2.33482
1 0.3696 
2.33497
1 0.3696 
2.33512
1 0.1054 
2.33527
1 0.1238 
2.33542
1 0.0762 
2.33557
1 0.0634 
2.33572
1 0.3194 
2.33587
1 0.1902 
2.33602
1 0.0878 
2.33617
1 0.2894 
2.33632
1 0.4742 
2.33647
1 0.239 
2.33662
1 0.1056 
2.33677
1 0.3052 
2.33692
1 0.2094 
2.33707
1 0.1796 
2.33722
1 0.333 
2.33737
1 0.003 
2.33752
1 0.2412 
2.33767
1 0.2474 
2.33782
1 0.037 
2.33797
1 0.456 
2.33812
1 0.0258 
2.33827
1 0.0504 
2.33842
1 0.0922 
2.33857
1 0.1912 
2.33872
1 0.0146 
2.33887
1 0.1838 
2.33902
1 0.2434 
2.33917
1 0.1904 
2.33932
1 0.0928 
2.33947
1 0.235 
2.33962
1 0.2628 
2.33977
1 0.1976 
2.33992
1 0.0786 
2.34007
1 0.1516 
2.34022
1 0.3056 
2.34037
1 0.1768 
2.34052
1 0.0098 
2.34067
1 0.0442 
2.34082
1 0.0756 
2.34097
1 0.1144 
2.34112
1 0.295 
2.34127
1 0.1668 
2.34142
1 0.2392 
2.34157
1 0.3022 
2.34172
1 0.0498 
2.34187
1 0.1774 
2.34202
1 0.533 
2.34217
1 0.2616 
2.34232
1 0.2102 
2.34247
1 0.1598 
2.34262
1 0.1932 
2.34277
1 0.1678 
2.34292
1 0.1164 
2.34307
1 0.0816 
2.34322
1 0.0568 
2.34337
1 0.3598 
2.34352
1 0.1734 
2.34367
1 0.1038 
2.34382
1 0.0056 
2.34397
1 0.0582 
2.34412
1 0.5178 
2.34427
1 0.2614 
2.34442
1 0.1524 
2.34457
1 0.3956 
2.34472
1 0.0682 
2.34487
1 0.235 
2.34502
1 0.1556 
2.34517
1 0.2382 
2.34532
1 0.3796 
2.34547
1 0.0632 
2.34562
1 0.2316 
2.34577
1 0.1838 
2.34592
1 0.211 
2.34607
1 0.1292 
2.34622
1 0.1096 
2.34637
1 0.121 
2.34652
1 0.2248 
2.34667
1 0.051 
2.34682
1 0.4154 
2.34697
1 0.0468 
2.34712
1 0.0256 
2.34727
1 0.2508 
2.34742
1 0.1972 
2.34757
1 0.1806 
2.34772
1 0.134 
2.34787
1 0.3132 
2.34802
1 0.1464 
2.34817
1 0.2482 
2.34832
1 0.1378 
2.34847
1 0.2318 
2.34862
1 0.2412 
2.34877
1 0.1732 
2.34892
1 0.0754 
2.34907
1 0.0414 
2.34922
1 0.151 
2.34937
1 0.0826 
2.34952
1 0.0502 
2.34967
1 0.0044 
2.34982
1 0.1278 
2.34997
1 0.1862 
2.35012
1 0.1344 
2.35027
1 0.0562 
2.35042
1 0.0102 
2.35057
1 0.364 
2.35072
1 0.1202 
2.35087
1 0.0326 
2.35102
1 0.2356 
2.35117
1 0.0222 
2.35132
1 0.007 
2.35146
1 0.0476 
2.35161
1 0.0598 
2.35176
1 0.3294 
2.35191
1 0.0218 
2.35206
1 0.3176 
2.35221
1 0.3662 
2.35236
1 0.1844 
2.35251
1 0.1574 
2.35266
1 0.233 
2.35281
1 0.0072 
2.35296
1 0.2096 
2.35311
1 0.031 
2.35326
1 0.0478 
2.35341
1 0.1166 
2.35356
1 0.1274 
2.35371
1 0.0714 
2.35386
1 0.3274 
2.35401
1 0.2524 
2.35416
1 0.0684 
2.35431
1 0.1734 
2.35446
1 0.3472 
2.35461
1 0.1292 
2.35476
1 0.11 
2.35491
1 0.0854 
2.35506
1 0.0984 
2.35521
1 0.092 
2.35536
1 0.0256 
2.35551
1 0.083 
2.35566
1 0.3254 
2.35581
1 0.2374 
2.35596
1 0.0732 
2.35611
1 0.0696 
2.35626
1 0.0928 
2.35641
1 0.3056 
2.35656
1 0.2254 
2.35671
1 0.2098 
2.35686
1 0.0126 
2.35701
1 0.0654 
2.35716
1 0.0546 
2.35731
1 0.0302 
2.35746
1 0.0152 
2.35761
1 0.0274 
2.35776
1 0.0028 
2.35791
1 0.0886 
2.35806
1 0.0054 
2.35821
1 0.177 
2.35836
1 0.0884 
2.35851
1 0.1554 
2.35866
1 0.3806 
2.35881
1 0.0482 
2.35896
1 0.1752 
2.35911
1 0.177 
2.35926
1 0.2588 
2.35941
1 0.1828 
2.35956
1 0.1506 
2.35971
1 0.0928 
2.35986
1 0.1064 
2.36001
1 0.0108 
2.36016
1 0.1192 
2.36031
1 0.0852 
2.36046
1 0.1228 
2.36061
1 0.0802 
2.36076
1 0.0214 
2.36091
1 0.3988 
2.36106
1 0.0772 
2.36121
1 0.0998 
2.36136
1 0.168 
2.36151
1 0.1056 
2.36166
1 0.125 
2.36181
1 0.2604 
2.36196
1 0.0882 
2.36211
1 0.0392 
2.36226
1 0.0016 
2.36241
1 0.175 
2.36256
1 0.0764 
2.36271
1 0.0158 
2.36286
1 0.0624 
2.36301
1 0.116 
2.36316
1 0.0118 
2.36331
1 0.0844 
2.36346
1 0.2242 
2.36361
1 0.1844 
2.36376
1 0.1372 
2.36391
1 0.2122 
2.36406
1 0.1532 
2.36421
1 0.076 
2.36436
1 0.2246 
2.36451
1 0.0144 
2.36466
1 0.1636 
2.36481
1 0.1548 
2.36496
1 0.1338 
2.36511
1 0.1134 
2.36526
1 0.092 
2.36541
1 0.0662 
2.36556
1 0.2686 
2.36571
1 0.0454 
2.36586
1 0.1976 
2.36601
1 0.119 
2.36616
1 0.1492 
2.36631
1 0.1176 
2.36646
1 0.0144 
2.36661
1 0.064 
2.36676
1 0.085 
2.36691
1 0.1276 
2.36706
1 0.078 
2.36721
1 0.093 
2.36736
1 0.013 
2.36751
1 0.0754 
2.36766
1 0.2066 
2.36781
1 0.2988 
2.36796
1 0.122 
2.36811
1 0.2842 
2.36826
1 0.039 
2.36841
1 0.0704 
2.36856
1 0.1098 
2.36871
1 0.1664 
2.36886
1 0.2252 
2.36901
1 0.005 
2.36916
1 0.2062 
2.36931
1 0.1896 
2.36946
1 0.023 
2.36961
1 0.2374 
2.36976
1 0.3118 
2.36991
1 0.2464 
2.37006
1 0.1258 
2.37021
1 0.0792 
2.37036
1 0.0978 
2.37051
1 0.2714 
2.37066
1 0.0354 
2.37081
1 0.0236 
2.37096
1 0.0018 
2.37111
1 0.2958 
2.37126
1 0.0968 
2.37141
1 0.102 
2.37156
1 0.0094 
2.37171
1 0.1614 
2.37186
1 0.0686 
2.37201
1 0.4088 
2.37216
1 0.2486 
2.37231
1 0.2048 
2.37246
1 0.1686 
2.37261
1 0.0952 
2.37276
1 0.047 
2.37291
1 0.0216 
2.37306
1 0.2042 
2.37321
1 0.1618 
2.37336
1 0.0748 
2.37351
1 0.3126 
2.37366
1 0.1998 
2.37381
1 0.2606 
2.37396
1 0.0606 
2.37411
1 0.0194 
2.37426
1 0.3384 
2.37441
1 0.3136 
2.37456
1 0.0578 
2.37471
1 0.2886 
2.37486
1 0.057 
2.37501
1 0.0662 
2.37516
1 0.0658 
2.37531
1 0.3428 
2.37546
1 0.1922 
2.37561
1 0.0318 
2.37576
1 0.0068 
2.37591
1 0.1764 
2.37606
1 0.2606 
2.37621
1 0.2128 
2.37636
1 0.1776 
2.37651
1 0.031 
2.37666
1 0.0936 
2.37681
1 0.0884 
2.37696
1 0.1724 
2.37711
1 0.1418 
2.37726
1 0.1788 
2.37741
1 0.103 
2.37756
1 0.2152 
2.37771
1 0.0882 
2.37786
1 0.0164 
2.37801
1 0.0822 
2.37816
1 0.0342 
2.37831
1 0.2226 
2.37846
1 0.1486 
2.37861
1 0.0348 
2.37876
1 0.0922 
2.37891
1 0.0566 
2.37906
1 0.0362 
2.37921
1 0.1562 
2.37936
1 0.0172 
2.37951
1 0.3434 
2.37966
1 0.1226 
2.37981
1 0.076 
2.37996
1 0.0702 
2.38011
1 0.1406 
2.38026
1 0.1804 
2.38041
1 0.0236 
2.38056
1 0.0028 
2.38071
1 0.061 
2.38086
1 0.3442 
2.38101
1 0.0294 
2.38116
1 0.0442 
2.38131
1 0.3278 
2.38146
1 0.223 
2.38161
1 0.0126 
2.38176
1 0.0686 
2.38191
1 0.0282 
2.38206
1 0.0216 
2.38221
1 0.0074 
2.38236
1 0.1802 
2.38251
1 0.2056 
2.38266
1 0.1104 
2.38281
1 0.1344 
2.38296
1 0.1952 
2.38311
1 0.1218 
2.38326
1 0.1074 
2.38341
1 0.0356 
2.38356
1 0.15 
2.38371
1 0.0452 
2.38386
1 0.2426 
2.38401
1 0.1822 
2.38416
1 0.0774 
2.38431
1 0.3214 
2.38446
1 0.0228 
2.38461
1 0.262 
2.38476
1 0.0204 
2.38491
1 0.0158 
2.38506
1 0.1738 
2.38521
1 0.193 
2.38536
1 0.0852 
2.38551
1 0.1386 
2.38566
1 0.1146 
2.38581
1 0.0798 
2.38596
1 0.167 
2.38611
1 0.1158 
2.38626
1 0.1618 
2.38641
1 0.1426 
2.38656
1 0.0098 
2.38671
1 0.0918 
2.38686
1 0.0164 
2.38701
1 0.1474 
2.38716
1 0.1552 
2.38731
1 0.1984 
2.38746
1 0.0258 
2.38761
1 0.052 
2.38776
1 0.0756 
2.38791
1 0.1054 
2.38806
1 0.12 
2.38821
1 0.0356 
2.38836
1 0.132 
2.38851
1 0.0948 
2.38866
1 0.1504 
2.38881
1 0.0448 
2.38896
1 0.1374 
2.38911
1 0.0808 
2.38926
1 0.0024 
2.38941
1 0.0404 
2.38956
1 0.063 
2.38971
1 0.1074 
2.38986
1 0.1122 
2.39001
1 0.0416 
2.39016
1 0.0616 
2.39031
1 0.101 
2.39046
1 0.1692 
2.39061
1 0.0284 
2.39076
1 0.2254 
2.39091
1 0.0556 
2.39106
1 0.0156 
2.39121
1 0.1108 
2.39136
1 0.0256 
2.39151
1 0.1 
2.39166
1 0.0796 
2.39181
1 0.0098 
2.39196
1 0.009 
2.39211
1 0.0074 
2.39226
1 0.3212 
2.39241
1 0.009 
2.39256
1 0.0762 
2.39271
1 0.2482 
2.39286
1 0.0344 
2.39301
1 0.1208 
2.39316
1 0.2002 
2.39331
1 0.2082 
2.39346
1 0.1198 
2.39361
1 0.0908 
2.39376
1 0.1212 
2.39391
1 0.2654 
2.39406
1 0.179 
2.39421
1 0.0818 
2.39436
1 0.018 
2.39451
1 0.0982 
2.39465
1 0.1492 
2.3948
1 0.0666 
2.39495
1 0.0682 
2.3951
1 0.1158 
2.39525
1 0.0066 
2.3954
1 0.0506 
2.39555
1 0.1614 
2.3957
1 0.1494 
2.39585
1 0.0294 
2.396
1 0.153 
2.39615
1 0.0026 
2.3963
1 0.0342 
2.39645
1 0.166 
2.3966
1 0.0616 
2.39675
1 0.1302 
2.3969
1 0.181 
2.39705
1 0.1454 
2.3972
1 0.124 
2.39735
1 0.2666 
2.3975
1 0.1208 
2.39765
1 0.2386 
2.3978
1 0.174 
2.39795
1 0.3644 
2.3981
1 0.063 
2.39825
1 0.1786 
2.3984
1 0.1062 
2.39855
1 0.2362 
2.3987
1 0.156 
2.39885
1 0.0424 
2.399
1 0.1028 
2.39915
1 0.0876 
2.3993
1 0.0172 
2.39945
1 0.102 
2.3996
1 0.2194 
2.39975
1 0.132 
2.3999
1 0.1136 
