-1 -0.98 -0.98 -0.98 -0.98 -0.98 -0.98 -0.98 -0.98 -0.98 -0.98 -0.98 -0.94 -0.94 -0.94 -0.94 
-1 -0.96 -0.96 -0.96 -0.96 -0.92 -0.92 -0.92 -0.92 -0.92 -0.92 -0.92 -0.9 -0.9 -0.88 -0.88 
-1 -1 -1 0.42 0.42 0.42 0.42 0.4 0.4 0.38 0.38 0.38 0.38 0.38 0.38 0.38 
-1 -1 -0.46 -0.24 -0.28 -0.28 -0.26 0.24 0.24 0.3 0.26 0.26 0.3 0.62 -0.1 -0.3 
-1 -1 0.94 -0.82 -0.82 -0.82 0.48 0.48 0.48 0.5 0.5 0.5 0.5 0.5 0.5 0.5 
-1 -1 0.7 -0.76 0.92 0.92 -0.86 -0.86 -0.86 -0.9 0.08 0.08 0.06 -0.12 -0.12 0.48 
-1 0.68 0.66 0.64 0.64 -0.96 0.88 0.88 -0.96 -0.96 0.72 0.82 -0.86 -0.86 1 -0.78 
-1 0.96 0.96 -0.96 0.98 -1 -1 0.94 -0.94 0.88 -0.94 -0.94 0.92 0.92 -0.86 0.98 
-1 1 1 -1 -1 -1 0.92 -0.92 -0.92 1 -0.98 -0.98 0.94 -0.96 0.98 -0.98 
-1 -1 0.96 -1 -1 0.98 -0.98 1 1 -1 1 -1 -1 -1 1 1 
-1 -1 1 -0.96 0.98 0.98 -0.94 0.98 0.98 -1 -1 1 1 -1 1 -0.98 
-1 1 1 -1 1 -1 0.98 -1 1 -0.94 -0.94 -0.94 1 1 -0.98 0.98 
-1 -1 1 -0.98 -0.98 0.96 -0.98 -0.98 -0.98 -0.98 0.98 -1 -1 1 -0.98 1 
-1 -1 -1 1 -1 1 -1 1 1 -1 1 -0.96 1 1 -0.98 0.98 
-1 1 -0.98 1 -1 1 1 -0.98 -0.98 1 1 -1 -1 1 -1 -1 
-1 0.98 -1 1 1 -1 1 -1 1 -1 -1 1 -1 -1 1 -0.98 
-1 1 -0.98 1 -1 1 -0.96 1 1 -0.98 1 1 -1 -1 -1 -1 
-1 1 -1 -1 1 -1 -1 1 1 1 1 -1 1 -1 -1 1 
