1
39952
1.002
39920
1.004
39936
1.006
39920
1.008
39936
1.01
39904
1.012
39936
1.014
39888
1.016
39968
1.018
39936
1.02
39888
1.022
39952
1.024
39952
1.026
39888
1.028
39968
1.03
39968
1.032
39952
1.034
39936
1.036
39968
1.038
39968
1.04
39960
1.042
39912
1.044
39920
1.046
39936
1.048
39856
1.05
39904
1.052
39952
1.054
39904
1.056
39936
1.058
39888
1.06
39920
1.062
39968
1.064
39976
1.066
39920
1.068
39888
1.07
39920
1.072
39920
1.074
39904
1.076
39952
1.078
39888
1.08
39816
1.082
39864
1.084
39936
1.086
39920
1.088
39928
1.09
39872
1.092
39896
1.094
39856
1.096
39944
1.098
39816
1.1
39904
1.102
39920
1.104
39808
1.106
39936
1.108
39688
1.11
39856
1.112
39888
1.114
39888
1.116
39840
1.118
39872
1.12
39824
1.122
39808
1.124
39840
1.126
39792
1.128
39936
1.13
39752
1.132
39904
1.134
39792
1.136
39888
1.138
39872
1.14
39872
1.142
39824
1.144
39840
1.146
39872
1.148
39760
1.15
39872
1.152
39760
1.154
39864
1.156
39728
1.158
39800
1.16
39856
1.162
39912
1.164
39880
1.166
39808
1.168
39744
1.17
39800
1.172
39824
1.174
39872
1.176
39752
1.178
39688
1.18
39680
1.182
39912
1.184
39848
1.186
39872
1.188
39768
1.19
39776
1.192
39784
1.194
39856
1.196
39784
1.198
39696
1.2
39824
1.202
39872
1.204
39760
1.206
39768
1.208
39784
1.21
39696
1.212
39760
1.214
39800
1.216
39728
1.218
39704
1.22
39720
1.222
39680
1.224
39576
1.226
39720
1.228
39744
1.23
39704
1.232
39808
1.234
39768
1.236
39560
1.238
39728
1.24
39776
1.242
39680
1.244
39696
1.246
39664
1.248
39680
1.25
39712
1.252
39664
1.254
39696
1.256
39592
1.258
39736
1.26
39744
1.262
39736
1.264
39664
1.266
39712
1.268
39728
1.27
39728
1.272
39680
1.274
39712
1.276
39760
1.278
39744
1.28
39600
1.282
39720
1.284
39664
1.286
39824
1.288
39600
1.29
39552
1.292
39648
1.294
39712
1.296
39768
1.298
39576
1.3
39696
1.302
39568
1.304
39672
1.306
39456
1.308
39520
1.31
39624
1.312
39440
1.314
39608
1.316
39672
1.318
39408
1.32
39616
1.322
39680
1.324
39360
1.326
39528
1.328
39552
1.33
39552
1.332
39648
1.334
39512
1.336
39640
1.338
39512
1.34
39424
1.342
39488
1.344
39456
1.346
39520
1.348
39504
1.35
39560
1.352
39456
1.354
39392
1.356
39528
1.358
39416
1.36
39424
1.362
39440
1.364
39464
1.366
39296
1.368
39504
1.37
39432
1.372
39456
1.374
39432
1.376
39496
1.378
39576
1.38
39600
1.382
39368
1.384
39448
1.386
39472
1.388
39192
1.38999
39208
1.39199
39360
1.39399
39376
1.39599
39488
1.39799
39256
1.39999
39360
1.40199
39504
1.40399
39544
1.40599
39336
1.40799
39192
1.40999
39192
1.41199
39408
1.41399
39272
1.41599
39400
1.41799
39304
1.41999
39248
1.42199
39136
1.42399
39312
1.42599
39552
1.42799
39264
1.42999
39168
1.43199
39336
1.43399
39432
1.43599
39200
1.43799
39200
1.43999
39280
1.44199
39200
1.44399
39128
1.44599
39040
1.44799
39336
1.44999
39368
1.45199
39064
1.45399
39336
1.45599
39232
1.45799
39080
1.45999
39064
1.46199
39080
1.46399
39192
1.46599
39248
1.46799
39136
1.46999
39176
1.47199
39104
1.47399
39128
1.47599
38992
1.47799
39320
1.47999
39064
1.48199
39072
1.48399
38808
1.48599
39112
1.48799
39016
1.48999
39240
1.49199
39360
1.49399
38904
1.49599
39176
1.49799
39160
1.49999
38832
1.50199
38880
1.50399
38816
1.50599
39192
1.50799
38952
1.50999
38688
1.51199
39000
1.51399
38800
1.51599
38960
1.51799
39088
1.51999
38752
1.52199
38816
1.52399
38880
1.52599
38896
1.52799
38704
1.52999
38904
1.53199
39120
1.53399
38968
1.53599
39064
1.53799
38704
1.53999
38648
1.54199
38864
1.54399
38848
1.54599
39192
1.54799
39152
1.54999
38880
1.55199
38800
1.55399
38704
1.55599
38728
1.55799
38936
1.55999
38760
1.56199
38864
1.56399
38840
1.56599
38640
1.56799
38992
1.56999
38672
1.57199
38720
1.57399
38520
1.57599
38840
1.57799
38928
1.57999
38720
1.58199
38280
1.58399
38520
1.58599
38616
1.58799
38560
1.58999
38656
1.59199
38432
1.59399
38504
1.59599
38496
1.59799
38352
1.59999
38216
1.60199
38232
1.60399
38288
1.60599
38616
1.60799
38896
1.60999
38280
1.61199
38352
1.61399
38640
1.61599
39056
1.61799
38360
1.61999
38608
1.62199
38616
1.62399
38192
1.62599
38648
1.62799
38712
1.62999
38448
1.63199
37816
1.63399
38096
1.63599
38496
1.63799
38272
1.63999
38304
1.64199
38056
1.64399
38288
1.64599
38088
1.64799
38232
1.64999
38336
1.65199
38480
1.65399
38560
1.65599
38304
1.65799
38512
1.65999
38120
1.66199
38184
1.66399
38008
1.66599
38184
1.66799
37920
1.66999
37976
1.67199
37792
1.67399
38408
1.67599
38144
1.67799
38184
1.67999
37912
1.68199
38088
1.68399
37936
1.68599
38184
1.68799
38048
1.68999
38112
1.69199
37976
1.69399
37992
1.69599
38024
1.69799
37672
1.69999
38296
1.70199
37984
1.70399
37792
1.70599
38120
1.70799
38040
1.70999
37776
1.71199
37456
1.71399
37984
1.71599
37872
1.71799
37544
1.71999
38240
1.72199
37624
1.72399
37736
1.72599
37856
1.72799
37704
1.72999
37792
1.73199
37424
1.73399
37824
1.73599
37920
1.73799
38176
1.73999
37216
1.74199
37696
1.74399
37600
1.74599
37688
1.74799
37792
1.74999
37696
1.75199
37856
1.75399
37792
1.75599
37480
1.75799
37304
1.75999
37376
1.76199
37128
1.76399
37304
1.76599
37536
1.76799
37504
1.76999
37384
1.77199
37272
1.77399
37616
1.77599
37432
1.77799
37328
1.77999
37344
1.78199
37200
1.78399
37528
1.78599
37320
1.78799
37312
1.78999
37440
1.79199
36768
1.79399
37056
1.79599
37032
1.79799
36864
1.79999
37616
1.80199
36968
1.80399
37176
1.80599
37744
1.80799
36992
1.80999
37056
1.81199
36816
1.81399
36816
1.81599
36728
1.81799
36616
1.81999
36808
1.82199
37040
1.82399
37000
1.82599
37016
1.82799
36976
1.82999
36720
1.83199
37120
1.83399
36696
1.83599
36600
1.83799
36872
1.83999
37272
1.84199
36360
1.84399
36944
1.84599
36448
1.84799
37240
1.84999
37672
1.85199
36680
1.85399
36728
1.85599
36464
1.85799
36568
1.85999
36376
1.86199
36328
1.86399
36712
1.86599
36568
1.86799
36816
1.86999
36448
1.87199
36400
1.87399
36528
1.87599
36672
1.87799
36704
1.87999
36568
1.88199
36280
1.88399
36016
1.88599
36696
1.88799
36416
1.88999
36456
1.89199
36040
1.89399
36200
1.89599
36448
1.89799
35784
1.89999
36240
1.90199
36256
1.90399
36128
1.90599
36528
1.90799
35760
1.90999
35792
1.91199
35768
1.91399
36336
1.91599
35960
1.91799
36176
1.91999
35992
1.92199
36128
1.92399
36168
1.92599
36032
1.92799
35920
1.92999
35632
1.93199
35560
1.93399
35728
1.93599
35920
1.93799
35640
1.93999
35360
1.94199
35648
1.94399
35912
1.94599
35456
1.94799
35488
1.94999
35456
1.95199
35728
1.95399
34896
1.95599
35680
1.95799
35448
1.95999
35080
1.96199
35504
1.96399
35560
1.96599
35696
1.96799
35232
1.96999
35280
1.97199
35592
1.97399
35648
1.97599
35496
1.97799
34944
1.97999
35056
1.98199
34944
1.98399
35168
1.98599
35488
1.98799
35280
1.98999
34648
1.99199
34992
1.99399
35024
1.99599
35184
1.99799
35384
1.99999
35544
2.00199
34240
2.00399
35184
2.00599
35440
2.00799
34640
2.00999
34864
2.01199
34368
2.01399
34880
2.01599
35576
2.01799
34600
2.01999
34064
2.02199
33992
2.02399
34752
2.02599
34472
2.02799
34096
2.02999
34456
2.03199
33976
2.03399
34872
2.03599
34592
2.03799
34200
2.03999
34200
2.04199
33592
2.04399
34088
2.04599
33984
2.04799
33864
2.04999
34168
2.05199
34032
2.05399
33288
2.05599
33848
2.05799
34264
2.05999
34072
2.06199
33976
2.06399
33472
2.06599
34416
2.06799
33424
2.06999
33824
2.07199
33976
2.07399
33920
2.07599
33048
2.07799
33840
2.07999
33592
2.08199
33176
2.08399
33792
2.08599
33088
2.08799
32960
2.08999
32624
2.09199
32944
2.09399
33296
2.09599
33672
2.09799
33688
2.09999
32784
2.10199
33832
2.10399
32528
2.10599
32672
2.10799
33280
2.10999
32488
2.11199
33512
2.11399
33024
2.11599
33760
2.11799
32912
2.11999
32560
2.12199
33288
2.12399
32648
2.12599
32792
2.12799
32480
2.12999
32416
2.13199
32296
2.13399
31840
2.13599
32616
2.13799
33520
2.13999
31928
2.14199
32216
2.14399
31816
2.14599
32048
2.14799
32040
2.14999
32064
2.15199
32656
2.15399
31400
2.15599
31160
2.15799
31488
2.15999
31680
2.16199
31872
2.16399
32080
2.16599
31768
2.16799
31104
2.17
30584
2.172
32080
2.174
32048
2.176
30856
2.178
31896
2.18
32024
2.182
31624
2.184
30584
2.186
31704
2.188
31504
2.19
31384
2.192
31600
2.194
30424
2.196
31224
2.198
31440
2.2
30584
2.202
29784
2.204
30800
2.206
30832
2.208
31200
2.21
30768
2.212
31016
2.214
30592
2.216
30144
2.218
31792
2.22
30520
2.222
29144
2.224
29840
2.226
29624
2.228
30408
2.23
29384
2.232
30624
2.234
30152
2.236
30240
2.238
30704
2.24
29688
2.242
29560
2.244
29592
2.246
30288
2.248
30112
2.25
28760
2.252
28384
2.254
28656
2.256
27344
2.258
29320
2.26
29592
2.262
28616
2.264
27240
2.266
28296
2.268
27232
2.27
27216
2.272
27800
2.274
28680
2.276
26968
2.278
28000
2.28
28280
2.282
27416
2.284
27792
2.286
27552
2.288
28296
2.29
27344
2.292
27376
2.294
27248
2.296
27424
2.298
26224
2.3
27168
2.302
25880
2.304
27992
2.306
27272
2.308
26184
2.31
27592
2.312
25760
2.314
26768
2.316
26544
2.318
26872
2.32
26096
2.322
26272
2.324
26624
2.326
27176
2.328
26456
2.33
25544
2.332
25784
2.334
26056
2.336
26064
2.338
26816
2.34
25808
2.342
25784
2.344
25592
2.346
25704
2.348
24800
2.35
25608
2.352
25328
2.354
25096
2.356
24480
2.358
25648
2.36
25320
2.362
24560
2.364
24752
2.366
24464
2.368
24720
2.37
24664
2.372
25744
2.374
25144
2.376
24920
2.378
23928
2.38
24656
2.382
23760
2.38401
24360
2.38601
24680
2.38801
24832
2.39001
23752
2.39201
24176
2.39401
24720
2.39601
24616
2.39801
24224
2.40001
24376
2.40201
24104
2.40401
23752
2.40601
23552
2.40801
23888
2.41001
24424
2.41201
24184
2.41401
24648
2.41601
23360
2.41801
23856
2.42001
22960
2.42201
23232
2.42401
24096
2.42601
24040
2.42801
23720
2.43001
23920
2.43201
23000
2.43401
22808
2.43601
22816
2.43801
23616
2.44001
22800
2.44201
22664
2.44401
22696
2.44601
23344
2.44801
23032
2.45001
23104
2.45201
22936
2.45401
22952
2.45601
23120
2.45801
22432
2.46001
22832
2.46201
22560
2.46401
23296
2.46601
23128
2.46801
22448
2.47001
23056
2.47201
21184
2.47401
21968
2.47601
22968
2.47801
22680
2.48001
21816
2.48201
22672
2.48401
22520
2.48601
22016
2.48801
21288
2.49001
22664
2.49201
23024
2.49401
22688
2.49601
22072
2.49801
21840
2.50001
22720
2.50201
21712
2.50401
21792
2.50601
22544
2.50801
21584
2.51001
21928
2.51201
21752
2.51401
22376
2.51601
21416
2.51801
20696
2.52001
21432
2.52201
21792
2.52401
21200
2.52601
21440
2.52801
22304
2.53001
22128
2.53201
21120
2.53401
22024
2.53601
21424
2.53801
21184
2.54001
21480
2.54201
21272
2.54401
21384
2.54601
20752
2.54801
21552
2.55001
21352
2.55201
21296
2.55401
21056
2.55601
20336
2.55801
21640
2.56001
20888
2.56201
21952
2.56401
21272
2.56601
21328
2.56801
20672
2.57001
21256
2.57201
20576
2.57401
20304
2.57601
21040
2.57801
20928
2.58001
21440
2.58201
21848
2.58401
20688
2.58601
21704
2.58801
19584
2.59001
20208
2.59201
19960
2.59401
21200
2.59601
20264
2.59802
20528
2.60002
20712
2.60202
20288
2.60402
20168
2.60602
19936
2.60802
20080
2.61002
20432
2.61202
19920
2.61402
20728
2.61602
20568
2.61802
19880
2.62002
20704
2.62202
20864
2.62402
20168
2.62602
20168
2.62802
20056
2.63002
19408
2.63202
20336
2.63402
19848
2.63602
20616
2.63802
19184
2.64002
19664
2.64202
19480
2.64402
19912
2.64602
20128
2.64802
20088
2.65002
20264
2.65202
20176
2.65402
19640
2.65602
20312
2.65802
20144
2.66002
19160
2.66202
20224
2.66402
19160
2.66602
19736
2.66802
20064
2.67002
19816
2.67202
19552
2.67402
19096
2.67602
18896
2.67802
19840
2.68002
19488
2.68202
19312
2.68402
18920
2.68602
19088
2.68802
19192
2.69002
19712
2.69202
19832
2.69402
18856
2.69602
19008
2.69802
19864
2.70002
19000
2.70202
19248
2.70402
19456
2.70602
18768
2.70802
20184
2.71002
19400
2.71202
19584
2.71402
18680
2.71602
19800
2.71802
19392
2.72002
18872
2.72202
18872
2.72402
19472
2.72602
18560
2.72802
18888
2.73002
18400
2.73202
19192
2.73402
18504
2.73602
19352
2.73802
18280
2.74002
18896
2.74202
18432
2.74402
19248
2.74602
18328
2.74802
19112
2.75002
18832
2.75202
18600
2.75402
18960
2.75602
17752
2.75802
18032
2.76002
18312
2.76202
18056
2.76402
18976
2.76602
17984
2.76802
18824
2.77002
17672
2.77202
18392
2.77402
18680
2.77602
18976
2.77802
18232
2.78002
18856
2.78202
17976
2.78402
19064
2.78602
18520
2.78802
17536
2.79002
18752
2.79202
18744
2.79402
18456
2.79602
18928
2.79802
17912
2.80002
17936
2.80202
18216
2.80402
18304
2.80602
18096
2.80802
18680
2.81002
18248
2.81203
17808
2.81403
17864
2.81603
18112
2.81803
18168
2.82003
18024
2.82203
17840
2.82403
18184
2.82603
18256
2.82803
17768
2.83003
17488
2.83203
18280
2.83403
17600
2.83603
17632
2.83803
17384
2.84003
17960
2.84203
17720
2.84403
17304
2.84603
17064
2.84803
17672
2.85003
16984
2.85203
17072
2.85403
17184
2.85603
17720
2.85803
17264
2.86003
16992
2.86203
18128
2.86403
17896
2.86603
17816
2.86803
18000
2.87003
17312
2.87203
17248
2.87403
16504
2.87603
18296
2.87803
17880
2.88003
17416
2.88203
16952
2.88403
16864
2.88603
17528
2.88803
17208
2.89003
17080
2.89203
17048
2.89403
17456
2.89603
17280
2.89803
17296
2.90003
17376
2.90203
17200
2.90403
17296
2.90603
16816
2.90803
17296
2.91003
16840
2.91203
16864
2.91403
16768
2.91603
17064
2.91803
17344
2.92003
17016
2.92203
17008
2.92403
17048
2.92603
17328
2.92803
16696
2.93003
17056
2.93203
16784
2.93403
16848
2.93603
17168
2.93803
16528
2.94003
15992
2.94203
16136
2.94403
16736
2.94603
16848
2.94803
16880
2.95003
16440
2.95203
16768
2.95403
17136
2.95603
16856
2.95803
16464
2.96003
16920
2.96203
16056
2.96403
17024
2.96603
16920
2.96803
16696
2.97003
16584
2.97203
16208
2.97403
16872
2.97603
16400
2.97803
16288
2.98003
17248
2.98203
17248
2.98403
16752
2.98603
15792
2.98803
16432
2.99003
16848
2.99203
16104
2.99403
16720
2.99603
16088
2.99803
17184
3.00003
16288
3.00203
15968
3.00403
16216
3.00603
16840
3.00803
16504
3.01003
16072
3.01203
16424
3.01403
16056
3.01603
16336
3.01803
15576
3.02003
16376
3.02203
15896
3.02403
16312
3.02604
15944
3.02804
15800
3.03004
16824
3.03204
15600
3.03404
16392
3.03604
16016
3.03804
16600
3.04004
15288
3.04204
15616
3.04404
15592
3.04604
16160
3.04804
16248
3.05004
15824
3.05204
15752
3.05404
15336
3.05604
15744
3.05804
16040
3.06004
15888
3.06204
15568
3.06404
15672
3.06604
16104
3.06804
16048
3.07004
15824
3.07204
16160
3.07404
14800
3.07604
16176
3.07804
16064
3.08004
15576
3.08204
15064
3.08404
15944
3.08604
16744
3.08804
15320
3.09004
15696
3.09204
15536
3.09404
15480
3.09604
14944
3.09804
15384
3.10004
15592
3.10204
15424
3.10404
15920
3.10604
15480
3.10804
15520
3.11004
15856
3.11204
15760
3.11404
14864
3.11604
15360
3.11804
15264
3.12004
15952
3.12204
15200
3.12404
15664
3.12604
15160
3.12804
15656
3.13004
15752
3.13204
15240
3.13404
14632
3.13604
14760
3.13804
15304
3.14004
15136
3.14204
15504
3.14404
15328
3.14604
15336
3.14804
15352
3.15004
15576
3.15204
14752
3.15404
15168
3.15604
14760
3.15804
15112
3.16004
15464
3.16204
15536
3.16404
14536
3.16604
15096
3.16804
15160
3.17004
15240
3.17204
15240
3.17404
14304
3.17604
14816
3.17804
15112
3.18004
15176
3.18204
15872
3.18404
15408
3.18604
15808
3.18804
15424
3.19004
15576
3.19204
14872
3.19404
14824
3.19604
15216
3.19804
14536
3.20004
14504
3.20204
14840
3.20404
14824
3.20604
15176
3.20804
14512
3.21004
14984
3.21204
14880
3.21404
14992
3.21604
14712
3.21804
14056
3.22004
14104
3.22204
14656
3.22404
14568
3.22604
14392
3.22804
14256
3.23004
14856
3.23204
14744
3.23404
14344
3.23604
14616
3.23804
14744
3.24005
14864
3.24205
14872
3.24405
15320
3.24605
14552
3.24805
14536
3.25005
14576
3.25205
14072
3.25405
14368
3.25605
14144
3.25805
14320
3.26005
14592
3.26205
14128
3.26405
15016
3.26605
14656
3.26805
14760
3.27005
14440
3.27205
14280
3.27405
14520
3.27605
14296
3.27805
14672
3.28005
14920
3.28205
14016
3.28405
14208
3.28605
14088
3.28805
14344
3.29005
14440
3.29205
14632
3.29405
14576
3.29605
14264
3.29805
14712
3.30005
14152
3.30205
13960
3.30405
14392
3.30605
14688
3.30805
14296
3.31005
13976
3.31205
14280
3.31405
14272
3.31605
13784
3.31805
13776
3.32005
13728
3.32205
13264
3.32405
14456
3.32605
13816
3.32805
14320
3.33005
13848
3.33205
14168
3.33405
13544
3.33605
13560
3.33805
13896
3.34005
14472
3.34205
13600
3.34405
13904
3.34605
13744
3.34805
13872
3.35005
13824
3.35205
14168
3.35405
14112
3.35605
13528
3.35805
14288
3.36005
14200
3.36205
13936
3.36405
13376
3.36605
13960
3.36805
14504
3.37005
13800
3.37205
13760
3.37405
13448
3.37605
13520
3.37805
13720
3.38005
13576
3.38205
13600
3.38405
13312
3.38605
13928
3.38805
13568
3.39005
13464
3.39205
13872
3.39405
13280
3.39605
13096
3.39805
14216
3.40005
14328
3.40205
13280
3.40405
14784
3.40605
13992
3.40805
13792
3.41005
13992
3.41205
13784
3.41405
13328
3.41605
13816
3.41805
13280
3.42005
13704
3.42205
13688
3.42405
13608
3.42605
14168
3.42805
13736
3.43005
13224
3.43205
13656
3.43405
13864
3.43605
13920
3.43805
13808
3.44005
13464
3.44205
13632
3.44405
13528
3.44605
13408
3.44805
13576
3.45005
14056
3.45205
13856
3.45406
13384
3.45606
13104
3.45806
13408
3.46006
13280
3.46206
12784
3.46406
13536
3.46606
13528
3.46806
13824
3.47006
13776
3.47206
13568
3.47406
14176
3.47606
12912
3.47806
13568
3.48006
13032
3.48206
13408
3.48406
12688
3.48606
13152
3.48806
13720
3.49006
13488
3.49206
13184
3.49406
13192
3.49606
13496
3.49806
13648
3.50006
13512
3.50206
13232
3.50406
13040
3.50606
13728
3.50806
13704
3.51006
13232
3.51206
13336
3.51406
13336
3.51606
13016
3.51806
12800
3.52006
12744
3.52206
12968
3.52406
13464
3.52606
13696
3.52806
12360
3.53006
12432
3.53206
13256
3.53406
12840
3.53606
13352
3.53806
12832
3.54006
12760
3.54206
12920
3.54406
13000
3.54606
12536
3.54806
13056
3.55006
13008
3.55206
13504
3.55406
12896
3.55606
12416
3.55806
12616
3.56006
13232
3.56206
12752
3.56406
13384
3.56606
12624
3.56806
13376
3.57006
12432
3.57206
13232
3.57406
12216
3.57606
13048
3.57806
12888
3.58006
12920
3.58206
13112
3.58406
12888
3.58606
13352
3.58806
13416
3.59006
12552
3.59206
13224
3.59406
12408
3.59606
12408
3.59806
12240
3.60006
12560
3.60206
12800
3.60406
13064
3.60606
12952
3.60806
12944
3.61006
12600
3.61206
12880
3.61406
13088
3.61606
12248
3.61806
12672
3.62006
13064
3.62206
12400
3.62406
12504
3.62606
12056
3.62806
12512
3.63006
13152
3.63206
13376
3.63406
12952
3.63606
13176
3.63806
12040
3.64006
12184
3.64206
12584
3.64406
12336
3.64606
12736
3.64806
12384
3.65006
12576
3.65206
11896
3.65406
12568
3.65606
12392
3.65806
12288
3.66006
12432
3.66206
12784
3.66406
12280
3.66606
12008
3.66807
12280
3.67007
12552
3.67207
12384
3.67407
12704
3.67607
12504
3.67807
12248
3.68007
11592
3.68207
12240
3.68407
12536
3.68607
12264
3.68807
12536
3.69007
11752
3.69207
12688
3.69407
12256
3.69607
12264
3.69807
11872
3.70007
11720
3.70207
11640
3.70407
12080
3.70607
12552
3.70807
11944
3.71007
12312
3.71207
12040
3.71407
12296
3.71607
11792
3.71807
12168
3.72007
11528
3.72207
12368
3.72407
11960
3.72607
12648
3.72807
12160
3.73007
11848
3.73207
11808
3.73407
12472
3.73607
12328
3.73807
12024
3.74007
11728
3.74207
12008
3.74407
12400
3.74607
11688
3.74807
12136
3.75007
11968
3.75207
11576
3.75407
11968
3.75607
11928
3.75807
12752
3.76007
12368
3.76207
12120
3.76407
11736
3.76607
11624
3.76807
11976
3.77007
11848
3.77207
11968
3.77407
12080
3.77607
11480
3.77807
12224
3.78007
12112
3.78207
11504
3.78407
11648
3.78607
12200
3.78807
11776
3.79007
11984
3.79207
11728
3.79407
12248
3.79607
11304
3.79807
11536
3.80007
11992
3.80207
12232
3.80407
12016
3.80607
11824
3.80807
12528
3.81007
11456
3.81207
11760
3.81407
12016
3.81607
11984
3.81807
11768
3.82007
12392
3.82207
11664
3.82407
11816
3.82607
12272
3.82807
11064
3.83007
11704
3.83207
12192
3.83407
11824
3.83607
11944
3.83807
12176
3.84007
11960
3.84207
11704
3.84407
12096
3.84607
11288
3.84807
11488
3.85007
11896
3.85207
11744
3.85407
11040
3.85607
11696
3.85807
11776
3.86007
11752
3.86207
11168
3.86407
11080
3.86607
12480
3.86807
11560
3.87007
10960
3.87207
10896
3.87407
12504
3.87607
11008
3.87807
11728
3.88007
11960
3.88208
11728
3.88408
11624
3.88608
11520
3.88808
11648
3.89008
11760
3.89208
11520
3.89408
11600
3.89608
11336
3.89808
11752
3.90008
11216
3.90208
11232
3.90408
11512
3.90608
11624
3.90808
11440
3.91008
11544
3.91208
11288
3.91408
12184
3.91608
11536
3.91808
11024
3.92008
11296
3.92208
11488
3.92408
11864
3.92608
11496
3.92808
11728
3.93008
11480
3.93208
11864
3.93408
11664
3.93608
11176
3.93808
10840
3.94008
10792
3.94208
10864
3.94408
10344
3.94608
11576
3.94808
11608
3.95008
11200
3.95208
11176
3.95408
10704
3.95608
11096
3.95808
11216
3.96008
11104
3.96208
10976
3.96408
11536
3.96608
11048
3.96808
11328
3.97008
11296
3.97208
11344
3.97408
10696
3.97608
11864
3.97808
10864
3.98008
11456
3.98208
11128
3.98408
11520
3.98608
10968
3.98808
11072
3.99008
11480
3.99208
11576
3.99408
11464
3.99608
11752
3.99808
10832
4.00008
10800
4.00208
10856
4.00408
11392
4.00608
11888
4.00808
11512
4.01008
11480
4.01208
10832
4.01408
11824
4.01608
11000
4.01808
11048
4.02008
11624
4.02208
10904
4.02408
10336
4.02608
11080
4.02808
10608
4.03008
10248
4.03208
11576
4.03408
11208
4.03608
10752
4.03808
10760
4.04008
10944
4.04208
11432
4.04408
11552
4.04608
11168
4.04808
11096
4.05008
10792
4.05208
10664
4.05408
10856
4.05608
10648
4.05808
10400
4.06008
11104
4.06208
11176
4.06408
11064
4.06608
10544
4.06808
10816
4.07008
10680
4.07208
11352
4.07408
10512
4.07608
11072
4.07807
10960
4.08007
10912
4.08207
11272
4.08407
10736
4.08607
10840
4.08807
10488
4.09007
11520
4.09207
10984
4.09407
10872
4.09607
10328
4.09807
10720
4.10007
10904
4.10207
10984
4.10407
10640
4.10607
10680
4.10807
11000
4.11007
11352
4.11207
10376
4.11407
11000
4.11607
10936
4.11807
10384
4.12007
11216
4.12207
11368
4.12407
10536
4.12607
10800
4.12807
11096
4.13007
11664
4.13207
10880
4.13407
10344
4.13607
10760
4.13807
10984
4.14007
10728
4.14207
11032
4.14407
10896
4.14607
10440
4.14807
10672
4.15007
10736
4.15207
10528
4.15407
10272
4.15607
10432
4.15807
10456
4.16007
10872
4.16207
11304
4.16407
10344
4.16607
11104
4.16807
10472
4.17007
10424
4.17207
10512
4.17407
10632
4.17607
10736
4.17807
10664
4.18007
10808
4.18207
10568
4.18407
10328
4.18607
10616
4.18807
10856
4.19007
10856
4.19207
10816
4.19407
10248
4.19607
10592
4.19807
10592
4.20007
10016
4.20207
10656
4.20407
10312
4.20607
10032
4.20807
10408
4.21007
11008
4.21207
10224
4.21407
10312
4.21606
9760
4.21806
10280
4.22006
10280
4.22206
10168
4.22406
10080
4.22606
10248
4.22806
10664
4.23006
10784
4.23206
10264
4.23406
10848
4.23606
10824
4.23806
10280
4.24006
10584
4.24206
10592
4.24406
9776
4.24606
10248
4.24806
10496
4.25006
10664
4.25206
10384
4.25406
10520
4.25606
10224
4.25806
10104
4.26006
9464
4.26206
10544
4.26406
10280
4.26606
10688
4.26806
10384
4.27006
10360
4.27206
10280
4.27406
9928
4.27606
9936
4.27806
10288
4.28006
10192
4.28206
9960
4.28406
10056
4.28606
10168
4.28806
10096
4.29006
10392
4.29206
10288
4.29406
10000
4.29606
10360
4.29806
10240
4.30006
10384
4.30206
10632
4.30406
10248
4.30606
10440
4.30806
10584
4.31006
10768
4.31206
10560
4.31406
10464
4.31606
10856
4.31806
9784
4.32006
9968
4.32206
10176
4.32406
10064
4.32606
10112
4.32806
9880
4.33006
10608
4.33206
9896
4.33406
10296
4.33606
10216
4.33806
10208
4.34006
10784
4.34206
10272
4.34406
10112
4.34606
9896
4.34806
9688
4.35006
10432
4.35206
10128
4.35405
10080
4.35605
10072
4.35805
10280
4.36005
10272
4.36205
9992
4.36405
10424
4.36605
9920
4.36805
9968
4.37005
9640
4.37205
10208
4.37405
9928
4.37605
10280
4.37805
10680
4.38005
9920
4.38205
9792
4.38405
10008
4.38605
9616
4.38805
9904
4.39005
10096
4.39205
9624
4.39405
9832
4.39605
9856
4.39805
9136
4.40005
9728
4.40205
10320
4.40405
10072
4.40605
9872
4.40805
10112
4.41005
10512
4.41205
9904
4.41405
9960
4.41605
9824
4.41805
10184
4.42005
9712
4.42205
10024
4.42405
9992
4.42605
9288
4.42805
10000
4.43005
9760
4.43205
9352
4.43405
9608
4.43605
9624
4.43805
10256
4.44005
10120
4.44205
10056
4.44405
9768
4.44605
10200
4.44805
9368
4.45005
10320
4.45205
10008
4.45405
9976
4.45605
9392
4.45805
9448
4.46005
9872
4.46205
9864
4.46405
9824
4.46605
9416
4.46805
9456
4.47005
9336
4.47205
9736
4.47405
9656
4.47605
9544
4.47805
9264
4.48005
9416
4.48205
9576
4.48405
9760
4.48605
9696
4.48805
9728
4.49005
9320
4.49204
10456
4.49404
8944
4.49604
9608
4.49804
9728
4.50004
9944
4.50204
9320
4.50404
10080
4.50604
9000
4.50804
9608
4.51004
9640
4.51204
9528
4.51404
9936
4.51604
9176
4.51804
9520
4.52004
9296
4.52204
9200
4.52404
9760
4.52604
9392
4.52804
9448
4.53004
9728
4.53204
9576
4.53404
9528
4.53604
9832
4.53804
10048
4.54004
9216
4.54204
9424
4.54404
9432
4.54604
10000
4.54804
9768
4.55004
9992
4.55204
9288
4.55404
9856
4.55604
9792
4.55804
9624
4.56004
9800
4.56204
9248
4.56404
9352
4.56604
9152
4.56804
9728
4.57004
9544
4.57204
9512
4.57404
9592
4.57604
9224
4.57804
9000
4.58004
9312
4.58204
9016
4.58404
9528
4.58604
9664
4.58804
8608
4.59004
9160
4.59204
9720
4.59404
9616
4.59604
9200
4.59804
9552
4.60004
8840
4.60204
9336
4.60404
9592
4.60604
8968
4.60804
9616
4.61004
9384
4.61204
9552
4.61404
8896
4.61604
9008
4.61804
9488
4.62004
9528
4.62204
9928
4.62404
9272
4.62604
8760
4.62804
8992
4.63003
9952
4.63203
9152
4.63403
9776
4.63603
9512
4.63803
9080
4.64003
9616
4.64203
9464
4.64403
9240
4.64603
9744
4.64803
9248
4.65003
9376
4.65203
9144
4.65403
9600
4.65603
8888
4.65803
9096
4.66003
8832
4.66203
9000
4.66403
8936
4.66603
9496
4.66803
9392
4.67003
9024
4.67203
9392
4.67403
9952
4.67603
9336
4.67803
9200
4.68003
9672
4.68203
9048
4.68403
9520
4.68603
9128
4.68803
9144
4.69003
8696
4.69203
9200
4.69403
9488
4.69603
9176
4.69803
9168
4.70003
9040
4.70203
9640
4.70403
9248
4.70603
9304
4.70803
9736
4.71003
9304
4.71203
8880
4.71403
9496
4.71603
9464
4.71803
9336
4.72003
9256
4.72203
9736
4.72403
8968
4.72603
9160
4.72803
9584
4.73003
9784
4.73203
9600
4.73403
8728
4.73603
9136
4.73803
9384
4.74003
9256
4.74203
9312
4.74403
9752
4.74603
9224
4.74803
8752
4.75003
9656
4.75203
9488
4.75403
9000
4.75603
9240
4.75803
9096
4.76003
9008
4.76203
9384
4.76403
9312
4.76603
9424
4.76802
9328
4.77002
9016
4.77202
8864
4.77402
8344
4.77602
9352
4.77802
9056
4.78002
8600
4.78202
8768
4.78402
9056
4.78602
8752
4.78802
8960
4.79002
9112
4.79202
9016
4.79402
8952
4.79602
9072
4.79802
9136
4.80002
8488
4.80202
9264
4.80402
9240
4.80602
8584
4.80802
9008
4.81002
8976
4.81202
9016
4.81402
9176
4.81602
8856
4.81802
8600
4.82002
9080
4.82202
8456
4.82402
8792
4.82602
8904
4.82802
9192
4.83002
8320
4.83202
9224
4.83402
8792
4.83602
8736
4.83802
9120
4.84002
8824
4.84202
8928
4.84402
8864
4.84602
8760
4.84802
8592
4.85002
8792
4.85202
8656
4.85402
8880
4.85602
9296
4.85802
8952
4.86002
9072
4.86202
8776
4.86402
9112
4.86602
9184
4.86802
8744
4.87002
8920
4.87202
9120
4.87402
8968
4.87602
8848
4.87802
8944
4.88002
9096
4.88202
8848
4.88402
9200
4.88602
9320
4.88802
8592
4.89002
8184
4.89202
8888
4.89402
8904
4.89602
9064
4.89802
8952
4.90002
8496
4.90202
9152
4.90402
8968
4.90601
9328
4.90801
8864
4.91001
9256
4.91201
7928
4.91401
8784
4.91601
8704
4.91801
8016
4.92001
8560
4.92201
8456
4.92401
8808
4.92601
9016
4.92801
9288
4.93001
8416
4.93201
8248
4.93401
8520
4.93601
8520
4.93801
8616
4.94001
8816
4.94201
8464
4.94401
8456
4.94601
8760
4.94801
8656
4.95001
8456
4.95201
8856
4.95401
9016
4.95601
9032
4.95801
8128
4.96001
8552
4.96201
8664
4.96401
8256
4.96601
8808
4.96801
8664
4.97001
8448
4.97201
8744
4.97401
8984
4.97601
8952
4.97801
8608
4.98001
8720
4.98201
8976
4.98401
8416
4.98601
8240
4.98801
8824
4.99001
8880
4.99201
8920
4.99401
8424
4.99601
8752
4.99801
7848
