1
1 0.9994 
1.002
1 0.999 
1.004
1 0.9992 
1.006
1 0.999 
1.008
1 0.9992 
1.01
1 0.9988 
1.012
1 0.9992 
1.014
1 0.9986 
1.016
1 0.9996 
1.018
1 0.9992 
1.02
1 0.9986 
1.022
1 0.9994 
1.024
1 0.9994 
1.026
1 0.9986 
1.028
1 0.9996 
1.03
1 0.9996 
1.032
1 0.9994 
1.034
1 0.9992 
1.036
1 0.9996 
1.038
1 0.9996 
1.04
1 0.9994 
1.042
1 0.9988 
1.044
1 0.999 
1.046
1 0.9992 
1.048
1 0.9982 
1.05
1 0.9988 
1.052
1 0.9994 
1.054
1 0.9988 
1.056
1 0.9992 
1.058
1 0.9986 
1.06
1 0.999 
1.062
1 0.9996 
1.064
1 0.9996 
1.066
1 0.999 
1.068
1 0.9986 
1.07
1 0.999 
1.072
1 0.999 
1.074
1 0.9988 
1.076
1 0.9994 
1.078
1 0.9986 
1.08
1 0.9976 
1.082
1 0.9982 
1.084
1 0.9992 
1.086
1 0.999 
1.088
1 0.999 
1.09
1 0.9984 
1.092
1 0.9986 
1.094
1 0.9982 
1.096
1 0.9992 
1.098
1 0.9976 
1.1
1 0.9988 
1.102
1 0.999 
1.104
1 0.9976 
1.106
1 0.9992 
1.108
1 0.996 
1.11
1 0.9982 
1.112
1 0.9986 
1.114
1 0.9986 
1.116
1 0.9978 
1.118
1 0.9984 
1.12
1 0.9978 
1.122
1 0.9976 
1.124
1 0.998 
1.126
1 0.9974 
1.128
1 0.9992 
1.13
1 0.9966 
1.132
1 0.9988 
1.134
1 0.9974 
1.136
1 0.9986 
1.138
1 0.9984 
1.14
1 0.9984 
1.142
1 0.9978 
1.144
1 0.998 
1.146
1 0.9984 
1.148
1 0.997 
1.15
1 0.9984 
1.152
1 0.997 
1.154
1 0.9982 
1.156
1 0.9966 
1.158
1 0.9974 
1.16
1 0.9982 
1.162
1 0.9988 
1.164
1 0.9984 
1.166
1 0.9976 
1.168
1 0.9966 
1.17
1 0.9974 
1.172
1 0.9978 
1.174
1 0.9984 
1.176
1 0.9968 
1.178
1 0.996 
1.18
1 0.996 
1.182
1 0.9988 
1.184
1 0.998 
1.186
1 0.9984 
1.188
1 0.9966 
1.19
1 0.9968 
1.192
1 0.9972 
1.194
1 0.9982 
1.196
1 0.997 
1.198
1 0.9962 
1.2
1 0.9978 
1.202
1 0.9984 
1.204
1 0.997 
1.206
1 0.9968 
1.208
1 0.9972 
1.21
1 0.9962 
1.212
1 0.997 
1.214
1 0.9974 
1.216
1 0.9964 
1.218
1 0.9962 
1.22
1 0.9964 
1.222
1 0.996 
1.224
1 0.9944 
1.226
1 0.996 
1.228
1 0.9968 
1.23
1 0.9962 
1.232
1 0.9974 
1.234
1 0.997 
1.236
1 0.9942 
1.238
1 0.9966 
1.24
1 0.9972 
1.242
1 0.9958 
1.244
1 0.996 
1.246
1 0.9956 
1.248
1 0.9952 
1.25
1 0.996 
1.252
1 0.9958 
1.254
1 0.9962 
1.256
1 0.9944 
1.258
1 0.9966 
1.26
1 0.9966 
1.262
1 0.9966 
1.264
1 0.9956 
1.266
1 0.9962 
1.268
1 0.9966 
1.27
1 0.9966 
1.272
1 0.996 
1.274
1 0.9964 
1.276
1 0.9964 
1.278
1 0.9968 
1.28
1 0.9946 
1.282
1 0.9964 
1.284
1 0.9956 
1.286
1 0.9976 
1.288
1 0.9946 
1.29
1 0.9942 
1.292
1 0.9952 
1.294
1 0.9962 
1.296
1 0.9968 
1.298
1 0.9946 
1.3
1 0.996 
1.302
1 0.9942 
1.304
1 0.9958 
1.306
1 0.9928 
1.308
1 0.9934 
1.31
1 0.9946 
1.312
1 0.9924 
1.314
1 0.995 
1.316
1 0.9958 
1.318
1 0.992 
1.32
1 0.995 
1.322
1 0.9958 
1.324
1 0.9916 
1.326
1 0.9938 
1.328
1 0.9942 
1.33
1 0.9942 
1.332
1 0.9952 
1.334
1 0.9936 
1.336
1 0.9954 
1.338
1 0.9936 
1.34
1 0.9926 
1.342
1 0.993 
1.344
1 0.9924 
1.346
1 0.994 
1.348
1 0.9934 
1.35
1 0.9942 
1.352
1 0.9928 
1.354
1 0.9922 
1.356
1 0.9938 
1.358
1 0.992 
1.36
1 0.9914 
1.362
1 0.9924 
1.364
1 0.9924 
1.366
1 0.9908 
1.368
1 0.9934 
1.37
1 0.9926 
1.372
1 0.9924 
1.374
1 0.9926 
1.376
1 0.9932 
1.378
1 0.9946 
1.38
1 0.9948 
1.382
1 0.9912 
1.384
1 0.9924 
1.386
1 0.993 
1.388
1 0.989 
1.38999
1 0.9894 
1.39199
1 0.9918 
1.39399
1 0.9908 
1.39599
1 0.9928 
1.39799
1 0.9902 
1.39999
1 0.9918 
1.40199
1 0.9932 
1.40399
1 0.9938 
1.40599
1 0.9908 
1.40799
1 0.9884 
1.40999
1 0.9886 
1.41199
1 0.9924 
1.41399
1 0.9906 
1.41599
1 0.9918 
1.41799
1 0.9902 
1.41999
1 0.99 
1.42199
1 0.9878 
1.42399
1 0.9906 
1.42599
1 0.994 
1.42799
1 0.9894 
1.42999
1 0.989 
1.43199
1 0.9908 
1.43399
1 0.9926 
1.43599
1 0.9886 
1.43799
1 0.9896 
1.43999
1 0.9904 
1.44199
1 0.9898 
1.44399
1 0.988 
1.44599
1 0.9868 
1.44799
1 0.991 
1.44999
1 0.9916 
1.45199
1 0.9866 
1.45399
1 0.9914 
1.45599
1 0.99 
1.45799
1 0.9864 
1.45999
1 0.987 
1.46199
1 0.9874 
1.46399
1 0.9892 
1.46599
1 0.99 
1.46799
1 0.9882 
1.46999
1 0.9892 
1.47199
1 0.988 
1.47399
1 0.9878 
1.47599
1 0.9868 
1.47799
1 0.9908 
1.47999
1 0.9862 
1.48199
1 0.9872 
1.48399
1 0.9832 
1.48599
1 0.9878 
1.48799
1 0.9862 
1.48999
1 0.9898 
1.49199
1 0.9918 
1.49399
1 0.9844 
1.49599
1 0.9892 
1.49799
1 0.9886 
1.49999
1 0.984 
1.50199
1 0.9848 
1.50399
1 0.9826 
1.50599
1 0.9894 
1.50799
1 0.9844 
1.50999
1 0.9818 
1.51199
1 0.9862 
1.51399
1 0.9836 
1.51599
1 0.9864 
1.51799
1 0.9872 
1.51999
1 0.9822 
1.52199
1 0.9838 
1.52399
1 0.9842 
1.52599
1 0.9854 
1.52799
1 0.982 
1.52999
1 0.9852 
1.53199
1 0.9882 
1.53399
1 0.9862 
1.53599
1 0.987 
1.53799
1 0.9816 
1.53999
1 0.9818 
1.54199
1 0.9846 
1.54399
1 0.9838 
1.54599
1 0.9892 
1.54799
1 0.9882 
1.54999
1 0.9848 
1.55199
1 0.9828 
1.55399
1 0.9816 
1.55599
1 0.9824 
1.55799
1 0.9856 
1.55999
1 0.9828 
1.56199
1 0.984 
1.56399
1 0.9842 
1.56599
1 0.9812 
1.56799
1 0.9864 
1.56999
1 0.9816 
1.57199
1 0.9824 
1.57399
1 0.9794 
1.57599
1 0.9836 
1.57799
1 0.9856 
1.57999
1 0.982 
1.58199
1 0.9744 
1.58399
1 0.9794 
1.58599
1 0.9818 
1.58799
1 0.9804 
1.58999
1 0.9816 
1.59199
1 0.9792 
1.59399
1 0.9788 
1.59599
1 0.9772 
1.59799
1 0.9762 
1.59999
1 0.9736 
1.60199
1 0.975 
1.60399
1 0.9748 
1.60599
1 0.9796 
1.60799
1 0.9842 
1.60999
1 0.9762 
1.61199
1 0.9752 
1.61399
1 0.981 
1.61599
1 0.9876 
1.61799
1 0.977 
1.61999
1 0.981 
1.62199
1 0.9808 
1.62399
1 0.9734 
1.62599
1 0.9808 
1.62799
1 0.9822 
1.62999
1 0.9778 
1.63199
1 0.9682 
1.63399
1 0.9708 
1.63599
1 0.9794 
1.63799
1 0.9748 
1.63999
1 0.9736 
1.64199
1 0.9726 
1.64399
1 0.9756 
1.64599
1 0.9698 
1.64799
1 0.9748 
1.64999
1 0.9748 
1.65199
1 0.9786 
1.65399
1 0.9802 
1.65599
1 0.9742 
1.65799
1 0.9772 
1.65999
1 0.972 
1.66199
1 0.9732 
1.66399
1 0.969 
1.66599
1 0.9744 
1.66799
1 0.9694 
1.66999
1 0.971 
1.67199
1 0.9654 
1.67399
1 0.977 
1.67599
1 0.9738 
1.67799
1 0.9742 
1.67999
1 0.9696 
1.68199
1 0.9712 
1.68399
1 0.9704 
1.68599
1 0.9746 
1.68799
1 0.972 
1.68999
1 0.9722 
1.69199
1 0.97 
1.69399
1 0.9704 
1.69599
1 0.9722 
1.69799
1 0.9658 
1.69999
1 0.9748 
1.70199
1 0.9698 
1.70399
1 0.9678 
1.70599
1 0.9732 
1.70799
1 0.9706 
1.70999
1 0.9668 
1.71199
1 0.9626 
1.71399
1 0.9704 
1.71599
1 0.9662 
1.71799
1 0.9638 
1.71999
1 0.9742 
1.72199
1 0.964 
1.72399
1 0.9676 
1.72599
1 0.9692 
1.72799
1 0.9672 
1.72999
1 0.9688 
1.73199
1 0.9622 
1.73399
1 0.9688 
1.73599
1 0.9704 
1.73799
1 0.9738 
1.73999
1 0.9588 
1.74199
1 0.9658 
1.74399
1 0.9636 
1.74599
1 0.9662 
1.74799
1 0.9666 
1.74999
1 0.9682 
1.75199
1 0.967 
1.75399
1 0.9654 
1.75599
1 0.962 
1.75799
1 0.9594 
1.75999
1 0.9614 
1.76199
1 0.9548 
1.76399
1 0.9594 
1.76599
1 0.962 
1.76799
1 0.964 
1.76999
1 0.9612 
1.77199
1 0.959 
1.77399
1 0.964 
1.77599
1 0.9616 
1.77799
1 0.9608 
1.77999
1 0.9594 
1.78199
1 0.9574 
1.78399
1 0.9626 
1.78599
1 0.9602 
1.78799
1 0.9602 
1.78999
1 0.9602 
1.79199
1 0.9502 
1.79399
1 0.9554 
1.79599
1 0.9548 
1.79799
1 0.9536 
1.79999
1 0.9654 
1.80199
1 0.952 
1.80399
1 0.9552 
1.80599
1 0.9664 
1.80799
1 0.9552 
1.80999
1 0.9554 
1.81199
1 0.9474 
1.81399
1 0.9526 
1.81599
1 0.951 
1.81799
1 0.9414 
1.81999
1 0.9508 
1.82199
1 0.9558 
1.82399
1 0.9514 
1.82599
1 0.9552 
1.82799
1 0.9542 
1.82999
1 0.949 
1.83199
1 0.9566 
1.83399
1 0.9434 
1.83599
1 0.9442 
1.83799
1 0.9498 
1.83999
1 0.958 
1.84199
1 0.9442 
1.84399
1 0.9512 
1.84599
1 0.945 
1.84799
1 0.9592 
1.84999
1 0.9652 
1.85199
1 0.9492 
1.85399
1 0.9508 
1.85599
1 0.9434 
1.85799
1 0.9458 
1.85999
1 0.9364 
1.86199
1 0.9392 
1.86399
1 0.9492 
1.86599
1 0.944 
1.86799
1 0.9476 
1.86999
1 0.945 
1.87199
1 0.9436 
1.87399
1 0.9454 
1.87599
1 0.9472 
1.87799
1 0.948 
1.87999
1 0.9446 
1.88199
1 0.9392 
1.88399
1 0.9314 
1.88599
1 0.9482 
1.88799
1 0.9406 
1.88999
1 0.9476 
1.89199
1 0.9332 
1.89399
1 0.9394 
1.89599
1 0.9414 
1.89799
1 0.925 
1.89999
1 0.9352 
1.90199
1 0.9408 
1.90399
1 0.9334 
1.90599
1 0.9436 
1.90799
1 0.9306 
1.90999
1 0.934 
1.91199
1 0.931 
1.91399
1 0.9448 
1.91599
1 0.9324 
1.91799
1 0.938 
1.91999
1 0.9338 
1.92199
1 0.9402 
1.92399
1 0.937 
1.92599
1 0.9332 
1.92799
1 0.9326 
1.92999
1 0.9326 
1.93199
1 0.929 
1.93399
1 0.9284 
1.93599
1 0.9352 
1.93799
1 0.9242 
1.93999
1 0.9228 
1.94199
1 0.9174 
1.94399
1 0.9342 
1.94599
1 0.9206 
1.94799
1 0.914 
1.94999
1 0.9248 
1.95199
1 0.9292 
1.95399
1 0.915 
1.95599
1 0.93 
1.95799
1 0.9266 
1.95999
1 0.9182 
1.96199
1 0.9216 
1.96399
1 0.9292 
1.96599
1 0.927 
1.96799
1 0.9158 
1.96999
1 0.9186 
1.97199
1 0.9226 
1.97399
1 0.928 
1.97599
1 0.9256 
1.97799
1 0.9022 
1.97999
1 0.9134 
1.98199
1 0.9144 
1.98399
1 0.9196 
1.98599
1 0.9216 
1.98799
1 0.9204 
1.98999
1 0.9084 
1.99199
1 0.914 
1.99399
1 0.9108 
1.99599
1 0.9204 
1.99799
1 0.927 
1.99999
1 0.9276 
2.00199
1 0.8836 
2.00399
1 0.9168 
2.00599
1 0.9274 
2.00799
1 0.9062 
2.00999
1 0.908 
2.01199
1 0.892 
2.01399
1 0.9122 
2.01599
1 0.9258 
2.01799
1 0.8926 
2.01999
1 0.896 
2.02199
1 0.8912 
2.02399
1 0.9104 
2.02599
1 0.9064 
2.02799
1 0.891 
2.02999
1 0.903 
2.03199
1 0.891 
2.03399
1 0.9052 
2.03599
1 0.9022 
2.03799
1 0.8938 
2.03999
1 0.8916 
2.04199
1 0.8902 
2.04399
1 0.8924 
2.04599
1 0.8916 
2.04799
1 0.8826 
2.04999
1 0.9028 
2.05199
1 0.8864 
2.05399
1 0.8758 
2.05599
1 0.8906 
2.05799
1 0.8948 
2.05999
1 0.8932 
2.06199
1 0.8934 
2.06399
1 0.8824 
2.06599
1 0.8996 
2.06799
1 0.882 
2.06999
1 0.894 
2.07199
1 0.8866 
2.07399
1 0.8816 
2.07599
1 0.874 
2.07799
1 0.8766 
2.07999
1 0.871 
2.08199
1 0.8538 
2.08399
1 0.8792 
2.08599
1 0.858 
2.08799
1 0.8694 
2.08999
1 0.8496 
2.09199
1 0.849 
2.09399
1 0.8708 
2.09599
1 0.8848 
2.09799
1 0.8792 
2.09999
1 0.8574 
2.10199
1 0.8884 
2.10399
1 0.855 
2.10599
1 0.8602 
2.10799
1 0.869 
2.10999
1 0.8584 
2.11199
1 0.8774 
2.11399
1 0.853 
2.11599
1 0.8858 
2.11799
1 0.8308 
2.11999
1 0.8476 
2.12199
1 0.8714 
2.12399
1 0.8538 
2.12599
1 0.8378 
2.12799
1 0.8406 
2.12999
1 0.846 
2.13199
1 0.8438 
2.13399
1 0.8286 
2.13599
1 0.8542 
2.13799
1 0.875 
2.13999
1 0.8384 
2.14199
1 0.8436 
2.14399
1 0.806 
2.14599
1 0.8302 
2.14799
1 0.8342 
2.14999
1 0.8276 
2.15199
1 0.8572 
2.15399
1 0.8182 
2.15599
1 0.8112 
2.15799
1 0.8356 
2.15999
1 0.824 
2.16199
1 0.8278 
2.16399
1 0.8252 
2.16599
1 0.8238 
2.16799
1 0.8026 
2.17
1 0.79 
2.172
1 0.8396 
2.174
1 0.834 
2.176
1 0.7408 
2.178
1 0.8192 
2.18
1 0.8272 
2.182
1 0.8162 
2.184
1 0.7942 
2.186
1 0.8412 
2.188
1 0.8066 
2.19
1 0.779 
2.192
1 0.7786 
2.194
1 0.795 
2.196
1 0.814 
2.198
1 0.7882 
2.2
1 0.7638 
2.202
1 0.7366 
2.204
1 0.779 
2.206
1 0.7952 
2.208
1 0.8026 
2.21
1 0.7734 
2.212
1 0.8076 
2.214
1 0.7878 
2.216
1 0.7448 
2.218
1 0.8266 
2.22
1 0.7892 
2.222
1 0.6784 
2.224
1 0.7262 
2.226
1 0.701 
2.228
1 0.7918 
2.23
1 0.6956 
2.232
1 0.7614 
2.234
1 0.7464 
2.236
1 0.7514 
2.238
1 0.7558 
2.24
1 0.6898 
2.242
1 0.7234 
2.244
1 0.7232 
2.246
1 0.7668 
2.248
1 0.7752 
2.25
1 0.682 
2.252
1 0.6918 
2.254
1 0.512 
2.256
1 0.3476 
2.258
1 0.7076 
2.26
1 0.7112 
2.262
1 0.685 
2.264
1 0.435 
2.266
1 0.6966 
2.268
1 0.5286 
2.27
1 0.5024 
2.272
1 0.2248 
2.274
1 0.6498 
2.276
1 0.4498 
2.278
1 0.4168 
2.28
1 0.6624 
2.282
1 0.1596 
2.284
1 0.2992 
2.286
1 0.5242 
2.288
1 0.5932 
2.29
1 0.5576 
2.292
1 0.5782 
2.294
1 0.4596 
2.296
1 0.4394 
2.298
1 0.132 
2.3
1 0.2444 
2.302
1 0.369 
2.304
1 0.5232 
2.306
1 0.5528 
2.308
1 0.0218 
2.31
1 0.2214 
2.312
1 0.0672 
2.314
1 0.3442 
2.316
1 0.0278 
2.318
1 0.2312 
2.32
1 0.2598 
2.322
1 0.4 
2.324
1 0.3416 
2.326
1 0.1432 
2.328
1 0.3694 
2.33
1 0.121 
2.332
1 0.2884 
2.334
1 0.4392 
2.336
1 0.4812 
2.338
1 0.225 
2.34
1 0.1464 
2.342
1 0.389 
2.344
1 0.162 
2.346
1 0.2094 
2.348
1 0.0336 
2.35
1 0.2958 
2.352
1 0.0548 
2.354
1 0.1494 
2.356
1 0.18 
2.358
1 0.2126 
2.36
1 0.1688 
2.362
1 0.0928 
2.364
1 0.1124 
2.366
1 0.0218 
2.368
1 0.0936 
2.37
1 0.0264 
2.372
1 0.4186 
2.374
1 0.259 
2.376
1 0.0264 
2.378
1 0.0322 
2.38
1 0.0318 
2.382
1 0.0352 
2.38401
1 0.1986 
2.38601
1 0.0382 
2.38801
1 0.1874 
2.39001
1 0.1378 
2.39201
1 0.0292 
2.39401
1 0.1502 
2.39601
1 0.1806 
2.39801
1 0.1108 
2.40001
1 0.0412 
2.40201
1 0.052 
2.40401
1 0.0852 
2.40601
1 0.0416 
2.40801
1 0.0052 
2.41001
1 0.2164 
2.41201
1 0.2024 
2.41401
1 0.0714 
2.41601
1 0.008 
2.41801
1 0.0356 
2.42001
1 0.0802 
2.42201
1 0.0194 
2.42401
1 0.1662 
2.42601
1 0.0548 
2.42801
1 0.1698 
2.43001
1 0.0594 
2.43201
1 0.0426 
2.43401
1 0.0158 
2.43601
1 0.2424 
2.43801
1 0.1412 
2.44001
1 0.0588 
2.44201
1 0.0986 
2.44401
1 0.109 
2.44601
1 0.0628 
2.44801
1 0.1754 
2.45001
1 0.0674 
2.45201
1 0.0756 
2.45401
1 0.009 
2.45601
1 0.092 
2.45801
1 0.075 
2.46001
1 0.1064 
2.46201
1 0.0054 
2.46401
1 0.066 
2.46601
1 0.0352 
2.46801
1 0.0466 
2.47001
1 0.0782 
2.47201
1 0.0156 
2.47401
1 0.0684 
2.47601
1 0.0166 
2.47801
1 0.1096 
2.48001
1 0.0932 
2.48201
1 0.1038 
2.48401
1 0.1464 
2.48601
1 0.082 
2.48801
1 0.0254 
2.49001
1 0.0134 
2.49201
1 0.0946 
2.49401
1 0.2208 
2.49601
1 0.0898 
2.49801
1 0.0376 
2.50001
1 0.0204 
2.50201
1 0.1084 
2.50401
1 0.1416 
2.50601
1 0.1504 
2.50801
1 0.0252 
2.51001
1 0.0954 
2.51201
1 0.066 
2.51401
1 0.0318 
2.51601
1 0.1508 
2.51801
1 0.0906 
2.52001
1 0.1098 
2.52201
1 0.0542 
2.52401
1 0.1036 
2.52601
1 0.0516 
2.52801
1 0.0606 
2.53001
1 0.0908 
2.53201
1 0.1068 
2.53401
1 0.0612 
2.53601
1 0.0248 
2.53801
1 0.1142 
2.54001
1 0.0556 
2.54201
1 0.1242 
2.54401
1 0.0306 
2.54601
1 0.052 
2.54801
1 0.0568 
2.55001
1 0.1136 
2.55201
1 0.0592 
2.55401
1 0.0364 
2.55601
1 0.0636 
2.55801
1 0.0596 
2.56001
1 0.0258 
2.56201
1 0.1242 
2.56401
1 0.1248 
2.56601
1 0.0794 
2.56801
1 0.0384 
2.57001
1 0.0254 
2.57201
1 0.0122 
2.57401
1 0.0344 
2.57601
1 0.0384 
2.57801
1 0.02 
2.58001
1 0.1262 
2.58201
1 0.1234 
2.58401
1 0.0826 
2.58601
1 0.0244 
2.58801
1 0.0594 
2.59001
1 0.0718 
2.59201
1 0.0782 
2.59401
1 0.0304 
2.59601
1 0.129 
2.59802
1 0.0416 
2.60002
1 0.0292 
2.60202
1 0.0304 
2.60402
1 0.0064 
2.60602
1 0.0832 
2.60802
1 0.033 
2.61002
1 0.0922 
2.61202
1 0.0342 
2.61402
1 0.0846 
2.61602
1 0.0334 
2.61802
1 0.0038 
2.62002
1 0.1348 
2.62202
1 0.0926 
2.62402
1 0.0588 
2.62602
1 0.0318 
2.62802
1 0.0338 
2.63002
1 0.0032 
2.63202
1 0.0516 
2.63402
1 0.0276 
2.63602
1 0.0788 
2.63802
1 0.0038 
2.64002
1 0.0924 
2.64202
1 0.0232 
2.64402
1 0.0726 
2.64602
1 0.0268 
2.64802
1 0.012 
2.65002
1 0.1882 
2.65202
1 0.0576 
2.65402
1 0.0312 
2.65602
1 0.0714 
2.65802
1 0.013 
2.66002
1 0.1046 
2.66202
1 0.0386 
2.66402
1 0.0338 
2.66602
1 0.0492 
2.66802
1 0.094 
2.67002
1 0.05 
2.67202
1 0.0164 
2.67402
1 0.0476 
2.67602
1 0.0246 
2.67802
1 0.0172 
2.68002
1 0.0486 
2.68202
1 0.06 
2.68402
1 0.015 
2.68602
1 0.0146 
2.68802
1 0.044 
2.69002
1 0.0822 
2.69202
1 0.0052 
2.69402
1 0.017 
2.69602
1 0.0504 
2.69802
1 0.0054 
2.70002
1 0.029 
2.70202
1 0.0732 
2.70402
1 0.0268 
2.70602
1 0.0136 
2.70802
1 0.037 
2.71002
1 0.0324 
2.71202
1 0.0298 
2.71402
1 0.0262 
2.71602
1 0.0872 
2.71802
1 0.0282 
2.72002
1 0.0586 
2.72202
1 0.0138 
2.72402
1 0.0156 
2.72602
1 0.0242 
2.72802
1 0.0438 
2.73002
1 0.032 
2.73202
1 0.0216 
2.73402
1 0.0104 
2.73602
1 0.0898 
2.73802
1 0.047 
2.74002
1 0.0296 
2.74202
1 0.0366 
2.74402
1 0.0254 
2.74602
1 0.0364 
2.74802
1 0.0194 
2.75002
1 0.009 
2.75202
1 0.0186 
2.75402
1 0.0122 
2.75602
1 0.0048 
2.75802
1 0.0108 
2.76002
1 0.0428 
2.76202
1 0.0472 
2.76402
1 0.0772 
2.76602
1 0.0464 
2.76802
1 0.0376 
2.77002
1 0.0062 
2.77202
1 0.0364 
2.77402
1 0.0726 
2.77602
1 0.0228 
2.77802
1 0.0474 
2.78002
1 0.0428 
2.78202
1 0.0738 
2.78402
1 0.0438 
2.78602
1 0.009 
2.78802
1 0.0114 
2.79002
1 0.0156 
2.79202
1 0.052 
2.79402
1 0.0444 
2.79602
1 0.0226 
2.79802
1 0.032 
2.80002
1 0.0198 
2.80202
1 0.0036 
2.80402
1 0.031 
2.80602
1 0.0066 
2.80802
1 0.0428 
2.81002
1 0.0076 
2.81203
1 0.0732 
2.81403
1 0.0094 
2.81603
1 0.0414 
2.81803
1 0.0096 
2.82003
1 0.0504 
2.82203
1 0.0024 
2.82403
1 0.0098 
2.82603
1 0.0268 
2.82803
1 0.0596 
2.83003
1 0.0152 
2.83203
1 0.0034 
2.83403
1 0.002 
2.83603
1 0.1056 
2.83803
1 0.011 
2.84003
1 0.0314 
2.84203
1 0.0624 
2.84403
1 0.065 
2.84603
1 0.0148 
2.84803
1 0.0776 
2.85003
1 0.0602 
2.85203
1 0.0306 
2.85403
1 0.039 
2.85603
1 0.0702 
2.85803
1 0.0378 
2.86003
1 0.0514 
2.86203
1 0.009 
2.86403
1 0.0346 
2.86603
1 0.0104 
2.86803
1 0.0412 
2.87003
1 0.0022 
2.87203
1 0.0244 
2.87403
1 0.0074 
2.87603
1 0.128 
2.87803
1 0.0846 
2.88003
1 0.0186 
2.88203
1 0.0412 
2.88403
1 0.0186 
2.88603
1 0.0628 
2.88803
1 0.0148 
2.89003
1 0.017 
2.89203
1 0.0132 
2.89403
1 0.0098 
2.89603
1 0.0058 
2.89803
1 0.0366 
2.90003
1 0.0144 
2.90203
1 0.0454 
2.90403
1 0.0092 
2.90603
1 0.0288 
2.90803
1 0.0308 
2.91003
1 0.018 
2.91203
1 0.0232 
2.91403
1 0.008 
2.91603
1 0.037 
2.91803
1 0.0554 
2.92003
1 0.0542 
2.92203
1 0.047 
2.92403
1 0.0336 
2.92603
1 0.0284 
2.92803
1 0.0036 
2.93003
1 0.0766 
2.93203
1 0.0342 
2.93403
1 0.0084 
2.93603
1 0.009 
2.93803
1 0.0166 
2.94003
1 0.0576 
2.94203
1 0.0148 
2.94403
1 0.013 
2.94603
1 0.0172 
2.94803
1 0.0082 
2.95003
1 0.0588 
2.95203
1 0.025 
2.95403
1 0.0116 
2.95603
1 0.0168 
2.95803
1 0.0384 
2.96003
1 0.004 
2.96203
1 0.0404 
2.96403
1 0.0226 
2.96603
1 0.0174 
2.96803
1 0.0394 
2.97003
1 0.0068 
2.97203
1 0.0986 
2.97403
1 0.0038 
2.97603
1 0.0234 
2.97803
1 0.0154 
2.98003
1 0.025 
2.98203
1 0.0498 
2.98403
1 0.0198 
2.98603
1 0.0056 
2.98803
1 0.074 
2.99003
1 0.0344 
2.99203
1 0.0404 
2.99403
1 0.0244 
2.99603
1 0.002 
2.99803
1 0.0104 
3.00003
1 0.0072 
3.00203
1 0.0064 
3.00403
1 0.0102 
3.00603
1 0.011 
3.00803
1 0.0208 
3.01003
1 0.0452 
3.01203
1 0.0148 
3.01403
1 0.0134 
3.01603
1 0.0386 
3.01803
1 0.0654 
3.02003
1 0.0216 
3.02203
1 0.0304 
3.02403
1 0.0104 
3.02604
1 0.0628 
3.02804
1 0.0068 
3.03004
1 0.062 
3.03204
1 0.0566 
3.03404
1 0.0206 
3.03604
1 0.1154 
3.03804
1 0.085 
3.04004
1 0.012 
3.04204
1 0.0028 
3.04404
1 0.0152 
3.04604
1 0.0262 
3.04804
1 0.0198 
3.05004
1 0.0064 
3.05204
1 0.0854 
3.05404
1 0.0302 
3.05604
1 0.048 
3.05804
1 0.0024 
3.06004
1 0.0428 
3.06204
1 0.0104 
3.06404
1 0.0062 
3.06604
1 0.012 
3.06804
1 0.0796 
3.07004
1 0.0426 
3.07204
1 0.0286 
3.07404
1 0.0124 
3.07604
1 0.0936 
3.07804
1 0.0082 
3.08004
1 0 
3.08204
1 0.0136 
3.08404
1 0.0458 
3.08604
1 0.013 
3.08804
1 0.008 
3.09004
1 0.0238 
3.09204
1 0.037 
3.09404
1 0.026 
3.09604
1 0.013 
3.09804
1 0.0406 
3.10004
1 0.0274 
3.10204
1 0.0104 
3.10404
1 0.0162 
3.10604
1 0.0198 
3.10804
1 0.0334 
3.11004
1 0.0392 
3.11204
1 0.0108 
3.11404
1 0.0176 
3.11604
1 0.007 
3.11804
1 0.0152 
3.12004
1 0.0104 
3.12204
1 0.0166 
3.12404
1 0.0368 
3.12604
1 0.0108 
3.12804
1 0.0036 
3.13004
1 0.0002 
3.13204
1 0.0226 
3.13404
1 0.0212 
3.13604
1 0.0096 
3.13804
1 0.0022 
3.14004
1 0.0246 
3.14204
1 0.0002 
3.14404
1 0.0474 
3.14604
1 0.023 
3.14804
1 0.0394 
3.15004
1 0.0268 
3.15204
1 0.0484 
3.15404
1 0.0236 
3.15604
1 0.0532 
3.15804
1 0.0406 
3.16004
1 0.0066 
3.16204
1 0.0228 
3.16404
1 0.0278 
3.16604
1 0.0116 
3.16804
1 0.02 
3.17004
1 0.0042 
3.17204
1 0.0474 
3.17404
1 0.021 
3.17604
1 0.0256 
3.17804
1 0.062 
3.18004
1 0.0072 
3.18204
1 0.0222 
3.18404
1 0.0546 
3.18604
1 0.0286 
3.18804
1 0.055 
3.19004
1 0.0034 
3.19204
1 0.0184 
3.19404
1 0.0692 
3.19604
1 0.0306 
3.19804
1 0.003 
3.20004
1 0.0264 
3.20204
1 0.0134 
3.20404
1 0.0054 
3.20604
1 0.0138 
3.20804
1 0.0076 
3.21004
1 0.042 
3.21204
1 0.0252 
3.21404
1 0.0566 
3.21604
1 0.0052 
3.21804
1 0.005 
3.22004
1 0.006 
3.22204
1 0.0364 
3.22404
1 0.031 
3.22604
1 0.0198 
3.22804
1 0.0294 
3.23004
1 0.0094 
3.23204
1 0.0102 
3.23404
1 0.0522 
3.23604
1 0.0406 
3.23804
1 0.0206 
3.24005
1 0.0212 
3.24205
1 0.0166 
3.24405
1 0.032 
3.24605
1 0.0158 
3.24805
1 0.0278 
3.25005
1 0.0256 
3.25205
1 0.0666 
3.25405
1 0.06 
3.25605
1 0.0372 
3.25805
1 0.0558 
3.26005
1 0.0774 
3.26205
1 0.011 
3.26405
1 0.0316 
3.26605
1 0.0098 
3.26805
1 0.0056 
3.27005
1 0.0164 
3.27205
1 0.0574 
3.27405
1 0.0406 
3.27605
1 0.0038 
3.27805
1 0.0474 
3.28005
1 0.014 
3.28205
1 0.0358 
3.28405
1 0.042 
3.28605
1 0.0106 
3.28805
1 0.0106 
3.29005
1 0.028 
3.29205
1 0.0366 
3.29405
1 0.0296 
3.29605
1 0.0048 
3.29805
1 0.0158 
3.30005
1 0.0304 
3.30205
1 0.0128 
3.30405
1 0.0084 
3.30605
1 0.0136 
3.30805
1 0.0194 
3.31005
1 0.0774 
3.31205
1 0.0506 
3.31405
1 0.0502 
3.31605
1 0.006 
3.31805
1 0.0242 
3.32005
1 0.0278 
3.32205
1 0.0024 
3.32405
1 0.036 
3.32605
1 0.0378 
3.32805
1 0.0114 
3.33005
1 0.015 
3.33205
1 0.0426 
3.33405
1 0.0152 
3.33605
1 0.059 
3.33805
1 0.0184 
3.34005
1 0.0318 
3.34205
1 0.0224 
3.34405
1 0.0112 
3.34605
1 0.0116 
3.34805
1 0.0014 
3.35005
1 0.0538 
3.35205
1 0.0028 
3.35405
1 0.0376 
3.35605
1 0.0162 
3.35805
1 0.0046 
3.36005
1 0.0286 
3.36205
1 0.048 
3.36405
1 0.0074 
3.36605
1 0.0024 
3.36805
1 0.0384 
3.37005
1 0.0046 
3.37205
1 0.0094 
3.37405
1 0.037 
3.37605
1 0.0072 
3.37805
1 0.0026 
3.38005
1 0.023 
3.38205
1 0.0004 
3.38405
1 0.0522 
3.38605
1 0.0206 
3.38805
1 0.0088 
3.39005
1 0.0264 
3.39205
1 0.0406 
3.39405
1 0.0022 
3.39605
1 0.0148 
3.39805
1 0.0428 
3.40005
1 0.008 
3.40205
1 0.0482 
3.40405
1 0.0574 
3.40605
1 0.0634 
3.40805
1 0.0214 
3.41005
1 0.0394 
3.41205
1 0.0084 
3.41405
1 0.0114 
3.41605
1 0.0118 
3.41805
1 0.0156 
3.42005
1 0.0038 
3.42205
1 0.0118 
3.42405
1 0.009 
3.42605
1 0.0158 
3.42805
1 0.0028 
3.43005
1 0.0086 
3.43205
1 0.0554 
3.43405
1 0.0238 
3.43605
1 0.0146 
3.43805
1 0.0032 
3.44005
1 0.0304 
3.44205
1 0.004 
3.44405
1 0.0492 
3.44605
1 0.0206 
3.44805
1 0.0088 
3.45005
1 0 
3.45205
1 0.0326 
3.45406
1 0.0518 
3.45606
1 0.0172 
3.45806
1 0.0028 
3.46006
1 0.0196 
3.46206
1 0.0204 
3.46406
1 0.0072 
3.46606
1 0.0318 
3.46806
1 0.0042 
3.47006
1 0.0536 
3.47206
1 0.0256 
3.47406
1 0.0154 
3.47606
1 0.019 
3.47806
1 0.005 
3.48006
1 0.0282 
3.48206
1 0.0448 
3.48406
1 0.0024 
3.48606
1 0.001 
3.48806
1 0.0242 
3.49006
1 0.0082 
3.49206
1 0.063 
3.49406
1 0.015 
3.49606
1 0.0212 
3.49806
1 0.0044 
3.50006
1 0.0288 
3.50206
1 0.0426 
3.50406
1 0.0154 
3.50606
1 0.0158 
3.50806
1 0.0028 
3.51006
1 0.0182 
3.51206
1 0.0512 
3.51406
1 0.004 
3.51606
1 0.0144 
3.51806
1 0.0098 
3.52006
1 0.0016 
3.52206
1 0.0054 
3.52406
1 0.003 
3.52606
1 0.0174 
3.52806
1 0.0004 
3.53006
1 0.028 
3.53206
1 0.0144 
3.53406
1 0.0074 
3.53606
1 0.0012 
3.53806
1 0.0362 
3.54006
1 0.0182 
3.54206
1 0.0276 
3.54406
1 0.0072 
3.54606
1 0.0294 
3.54806
1 0.01 
3.55006
1 0.0302 
3.55206
1 0.0264 
3.55406
1 0.0232 
3.55606
1 0.0138 
3.55806
1 0.0206 
3.56006
1 0.017 
3.56206
1 0.0378 
3.56406
1 0.0196 
3.56606
1 0.01 
3.56806
1 0.0278 
3.57006
1 0.0072 
3.57206
1 0.0118 
3.57406
1 0.0188 
3.57606
1 0.0032 
3.57806
1 0.0314 
3.58006
1 0.0308 
3.58206
1 0.0228 
3.58406
1 0.0172 
3.58606
1 0.033 
3.58806
1 0.0088 
3.59006
1 0.0066 
3.59206
1 0.0136 
3.59406
1 0.0218 
3.59606
1 0.0058 
3.59806
1 0.058 
3.60006
1 0.0404 
3.60206
1 0.0006 
3.60406
1 0.0126 
3.60606
1 0.006 
3.60806
1 0.0192 
3.61006
1 0.001 
3.61206
1 0.003 
3.61406
1 0.0512 
3.61606
1 0.0242 
3.61806
1 0.005 
3.62006
1 0.0132 
3.62206
1 0.002 
3.62406
1 0.0062 
3.62606
1 0.0062 
3.62806
1 0.0208 
3.63006
1 0.0182 
3.63206
1 0.0094 
3.63406
1 0.0324 
3.63606
1 0.0386 
3.63806
1 0.028 
3.64006
1 0.0266 
3.64206
1 0.0026 
3.64406
1 0.0026 
3.64606
1 0.0316 
3.64806
1 0.0062 
3.65006
1 0.0422 
3.65206
1 0.0166 
3.65406
1 0.0242 
3.65606
1 0.0062 
3.65806
1 0.007 
3.66006
1 0.0254 
3.66206
1 0.0014 
3.66406
1 0.0232 
3.66606
1 0.0122 
3.66807
1 0.0148 
3.67007
1 0.0094 
3.67207
1 0.0406 
3.67407
1 0.017 
3.67607
1 0.0152 
3.67807
1 0.0062 
3.68007
1 0.018 
3.68207
1 0.0076 
3.68407
1 0.0394 
3.68607
1 0.0066 
3.68807
1 0.01 
3.69007
1 0.0106 
3.69207
1 0.019 
3.69407
1 0.021 
3.69607
1 0.0166 
3.69807
1 0.0278 
3.70007
1 0.0202 
3.70207
1 0.002 
3.70407
1 0.0644 
3.70607
1 0.0282 
3.70807
1 0.0072 
3.71007
1 0.0434 
3.71207
1 0.032 
3.71407
1 0.0168 
3.71607
1 0.0026 
3.71807
1 0.0002 
3.72007
1 0.0056 
3.72207
1 0.0456 
3.72407
1 0.0166 
3.72607
1 0.0036 
3.72807
1 0.0056 
3.73007
1 0.0074 
3.73207
1 0.0066 
3.73407
1 0.0466 
3.73607
1 0.0176 
3.73807
1 0.0054 
3.74007
1 0.0066 
3.74207
1 0.0074 
3.74407
1 0.0108 
3.74607
1 0.0088 
3.74807
1 0.0148 
3.75007
1 0.029 
3.75207
1 0.0108 
3.75407
1 0.0074 
3.75607
1 0.0074 
3.75807
1 0.025 
3.76007
1 0.02 
3.76207
1 0.0012 
3.76407
1 0.0006 
3.76607
1 0.021 
3.76807
1 0.0066 
3.77007
1 0.002 
3.77207
1 0.0096 
3.77407
1 0.0122 
3.77607
1 0.0302 
3.77807
1 0.0472 
3.78007
1 0.0248 
3.78207
1 0.007 
3.78407
1 0.0228 
3.78607
1 0.0212 
3.78807
1 0.0202 
3.79007
1 0.0222 
3.79207
1 0.03 
3.79407
1 0.0044 
3.79607
1 0.0168 
3.79807
1 0.013 
3.80007
1 0.0068 
3.80207
1 0.0098 
3.80407
1 0.0096 
3.80607
1 0.0426 
3.80807
1 0.0134 
3.81007
1 0.0094 
3.81207
1 0.0242 
3.81407
1 0.0248 
3.81607
1 0.003 
3.81807
1 0.021 
3.82007
1 0.0074 
3.82207
1 0.0042 
3.82407
1 0.0256 
3.82607
1 0.0092 
3.82807
1 0.014 
3.83007
1 0.0204 
3.83207
1 0.0162 
3.83407
1 0.0244 
3.83607
1 0.0148 
3.83807
1 0.0256 
3.84007
1 0.0066 
3.84207
1 0.0514 
3.84407
1 0.002 
3.84607
1 0.003 
3.84807
1 0.0066 
3.85007
1 0.0222 
3.85207
1 0.0118 
3.85407
1 0.0136 
3.85607
1 0.0116 
3.85807
1 0.0478 
3.86007
1 0.0088 
3.86207
1 0.0082 
3.86407
1 0.0182 
3.86607
1 0.0134 
3.86807
1 0.0086 
3.87007
1 0.0304 
3.87207
1 0.0164 
3.87407
1 0.007 
3.87607
1 0.0048 
3.87807
1 0.006 
3.88007
1 0.0314 
3.88208
1 0.025 
3.88408
1 0.0336 
3.88608
1 0.0114 
3.88808
1 0.003 
3.89008
1 0.0258 
3.89208
1 0.0094 
3.89408
1 0.002 
3.89608
1 0.0266 
3.89808
1 0.0066 
3.90008
1 0.0098 
3.90208
1 0.0174 
3.90408
1 0.019 
3.90608
1 0.0252 
3.90808
1 0.0158 
3.91008
1 0.0024 
3.91208
1 0.0208 
3.91408
1 0.0004 
3.91608
1 0.013 
3.91808
1 0.02 
3.92008
1 0.0122 
3.92208
1 0.0208 
3.92408
1 0.0062 
3.92608
1 0.0154 
3.92808
1 0.0008 
3.93008
1 0.01 
3.93208
1 0.0042 
3.93408
1 0.026 
3.93608
1 0.0292 
3.93808
1 0.0126 
3.94008
1 0.0016 
3.94208
1 0.0028 
3.94408
1 0.002 
3.94608
1 0.0272 
3.94808
1 0.0138 
3.95008
1 0.0272 
3.95208
1 0.039 
3.95408
1 0.0236 
3.95608
1 0.0038 
3.95808
1 0.0082 
3.96008
1 0.0046 
3.96208
1 0.0158 
3.96408
1 0.0384 
3.96608
1 0.017 
3.96808
1 0.0078 
3.97008
1 0.0034 
3.97208
1 0.0196 
3.97408
1 0.0576 
3.97608
1 0.001 
3.97808
1 0.0068 
3.98008
1 0.0362 
3.98208
1 0.0004 
3.98408
1 0.029 
3.98608
1 0.0148 
3.98808
1 0.0042 
3.99008
1 0.009 
3.99208
1 0.0068 
3.99408
1 0.0026 
3.99608
1 0.0104 
3.99808
1 0.0256 
4.00008
1 0.039 
4.00208
1 0.0116 
4.00408
1 0.045 
4.00608
1 0.055 
4.00808
1 0.0262 
4.01008
1 0.0174 
4.01208
1 0.0112 
4.01408
1 0.013 
4.01608
1 0.0276 
4.01808
1 0.021 
4.02008
1 0.013 
4.02208
1 0.0516 
4.02408
1 0.0244 
4.02608
1 0.0174 
4.02808
1 0.0118 
4.03008
1 0.022 
4.03208
1 0.014 
4.03408
1 0.0104 
4.03608
1 0.013 
4.03808
1 0.0072 
4.04008
1 0.0562 
4.04208
1 0.0054 
4.04408
1 0.0094 
4.04608
1 0.012 
4.04808
1 0.0108 
4.05008
1 0.0144 
4.05208
1 0.0004 
4.05408
1 0.0016 
4.05608
1 0.0312 
4.05808
1 0.0384 
4.06008
1 0.0344 
4.06208
1 0 
4.06408
1 0.038 
4.06608
1 0.0032 
4.06808
1 0.007 
4.07008
1 0.0312 
4.07208
1 0.0002 
4.07408
1 0.0398 
4.07608
1 0.011 
4.07807
1 0.0048 
4.08007
1 0.009 
4.08207
1 0.0128 
4.08407
1 0.03 
4.08607
1 0.003 
4.08807
1 0.0236 
4.09007
1 0.0012 
4.09207
1 0.0038 
4.09407
1 0.0068 
4.09607
1 0.0262 
4.09807
1 0.0174 
4.10007
1 0.0088 
4.10207
1 0.0198 
4.10407
1 0.0018 
4.10607
1 0.009 
4.10807
1 0.017 
4.11007
1 0.0312 
4.11207
1 0.019 
4.11407
1 0.028 
4.11607
1 0.0182 
4.11807
1 0.0352 
4.12007
1 0.0084 
4.12207
1 0.0016 
4.12407
1 0.0088 
4.12607
1 0.017 
4.12807
1 0.0236 
4.13007
1 0.0256 
4.13207
1 0.0306 
4.13407
1 0.0318 
4.13607
1 0.0018 
4.13807
1 0.004 
4.14007
1 0.0378 
4.14207
1 0.0244 
4.14407
1 0.007 
4.14607
1 0.0002 
4.14807
1 0.0196 
4.15007
1 0.0384 
4.15207
1 0.0132 
4.15407
1 0.0266 
4.15607
1 0.0008 
4.15807
1 0.0226 
4.16007
1 0.0066 
4.16207
1 0.02 
4.16407
1 0.0128 
4.16607
1 0.0064 
4.16807
1 0.0348 
4.17007
1 0.0296 
4.17207
1 0.0018 
4.17407
1 0.0044 
4.17607
1 0.023 
4.17807
1 0.0224 
4.18007
1 0.0196 
4.18207
1 0.0218 
4.18407
1 0.001 
4.18607
1 0.0058 
4.18807
1 0.0098 
4.19007
1 0.001 
4.19207
1 0.013 
4.19407
1 0.0136 
4.19607
1 0.0066 
4.19807
1 0.0136 
4.20007
1 0.018 
4.20207
1 0.03 
4.20407
1 0.0008 
4.20607
1 0.0144 
4.20807
1 0.0128 
4.21007
1 0.001 
4.21207
1 0.0034 
4.21407
1 0.0126 
4.21606
1 0.0018 
4.21806
1 0.0178 
4.22006
1 0.0266 
4.22206
1 0.0124 
4.22406
1 0.0138 
4.22606
1 0.0252 
4.22806
1 0.0092 
4.23006
1 0.0216 
4.23206
1 0.0302 
4.23406
1 0.0252 
4.23606
1 0.0176 
4.23806
1 0.0244 
4.24006
1 0.024 
4.24206
1 0.019 
4.24406
1 0.0314 
4.24606
1 0.0128 
4.24806
1 0.0008 
4.25006
1 0.0204 
4.25206
1 0.0306 
4.25406
1 0.0178 
4.25606
1 0.01 
4.25806
1 0.0122 
4.26006
1 0.0138 
4.26206
1 0.018 
4.26406
1 0.0156 
4.26606
1 0.0084 
4.26806
1 0.0008 
4.27006
1 0.0298 
4.27206
1 0.001 
4.27406
1 0.0234 
4.27606
1 0.006 
4.27806
1 0.0152 
4.28006
1 0.012 
4.28206
1 0.0058 
4.28406
1 0.0262 
4.28606
1 0.0314 
4.28806
1 0.0016 
4.29006
1 0.0176 
4.29206
1 0.0002 
4.29406
1 0.0038 
4.29606
1 0.0188 
4.29806
1 0.016 
4.30006
1 0.018 
4.30206
1 0.0282 
4.30406
1 0.0304 
4.30606
1 0.0074 
4.30806
1 0.0114 
4.31006
1 0.0202 
4.31206
1 0.0292 
4.31406
1 0.0328 
4.31606
1 0.0302 
4.31806
1 0.0272 
4.32006
1 0.0026 
4.32206
1 0.019 
4.32406
1 0.0032 
4.32606
1 0.0196 
4.32806
1 0.0212 
4.33006
1 0.0056 
4.33206
1 0.0124 
4.33406
1 0.014 
4.33606
1 0.0124 
4.33806
1 0.0102 
4.34006
1 0.009 
4.34206
1 0.021 
4.34406
1 0.009 
4.34606
1 0.032 
4.34806
1 0.0102 
4.35006
1 0.0038 
4.35206
1 0.0046 
4.35405
1 0.0206 
4.35605
1 0.0002 
4.35805
1 0.0058 
4.36005
1 0.0208 
4.36205
1 0.0076 
4.36405
1 0.0004 
4.36605
1 0.0126 
4.36805
1 0.012 
4.37005
1 0.0286 
4.37205
1 0.0124 
4.37405
1 0.0022 
4.37605
1 0.0012 
4.37805
1 0.0512 
4.38005
1 0.0062 
4.38205
1 0.0164 
4.38405
1 0.0054 
4.38605
1 0.0056 
4.38805
1 0.009 
4.39005
1 0.0112 
4.39205
1 0.0062 
4.39405
1 0.0252 
4.39605
1 0.0082 
4.39805
1 0.007 
4.40005
1 0.0076 
4.40205
1 0.0316 
4.40405
1 0.0136 
4.40605
1 0.0194 
4.40805
1 0.0154 
4.41005
1 0.0212 
4.41205
1 0.015 
4.41405
1 0.003 
4.41605
1 0.0254 
4.41805
1 0.0134 
4.42005
1 0.0366 
4.42205
1 0.0076 
4.42405
1 0.035 
4.42605
1 0.005 
4.42805
1 0.019 
4.43005
1 0.0014 
4.43205
1 0.0128 
4.43405
1 0.0184 
4.43605
1 0.0064 
4.43805
1 0.034 
4.44005
1 0.0122 
4.44205
1 0.007 
4.44405
1 0.0148 
4.44605
1 0.0134 
4.44805
1 0.0028 
4.45005
1 0.0152 
4.45205
1 0.0104 
4.45405
1 0.0162 
4.45605
1 0.0198 
4.45805
1 0.0222 
4.46005
1 0.0128 
4.46205
1 0.0022 
4.46405
1 0.0212 
4.46605
1 0.0026 
4.46805
1 0.0088 
4.47005
1 0.0134 
4.47205
1 0.0082 
4.47405
1 0.004 
4.47605
1 0.0054 
4.47805
1 0.0088 
4.48005
1 0.0034 
4.48205
1 0.0002 
4.48405
1 0.0198 
4.48605
1 0.0126 
4.48805
1 0.0222 
4.49005
1 0.0168 
4.49204
1 0.0192 
4.49404
1 0.0132 
4.49604
1 0.0036 
4.49804
1 0.0194 
4.50004
1 0.0106 
4.50204
1 0.0018 
4.50404
1 0.0178 
4.50604
1 0.0088 
4.50804
1 0.0186 
4.51004
1 0.0002 
4.51204
1 0.0056 
4.51404
1 0.0076 
4.51604
1 0.0064 
4.51804
1 0.0212 
4.52004
1 0.0114 
4.52204
1 0.0112 
4.52404
1 0.0076 
4.52604
1 0.0504 
4.52804
1 0.026 
4.53004
1 0.021 
4.53204
1 0.0038 
4.53404
1 0.0356 
4.53604
1 0.002 
4.53804
1 0.0348 
4.54004
1 0.0068 
4.54204
1 0.0106 
4.54404
1 0.0028 
4.54604
1 0.0224 
4.54804
1 0.041 
4.55004
1 0.0166 
4.55204
1 0.0266 
4.55404
1 0.0124 
4.55604
1 0.0074 
4.55804
1 0.0032 
4.56004
1 0.0016 
4.56204
1 0.031 
4.56404
1 0.0114 
4.56604
1 0.033 
4.56804
1 0.0194 
4.57004
1 0.0004 
4.57204
1 0.0092 
4.57404
1 0.009 
4.57604
1 0.0108 
4.57804
1 0.029 
4.58004
1 0.0226 
4.58204
1 0.0044 
4.58404
1 0.0084 
4.58604
1 0.0018 
4.58804
1 0.0332 
4.59004
1 0.0188 
4.59204
1 0.008 
4.59404
1 0.0402 
4.59604
1 0.0394 
4.59804
1 0.0066 
4.60004
1 0.0344 
4.60204
1 0.0286 
4.60404
1 0.0176 
4.60604
1 0.0148 
4.60804
1 0.0068 
4.61004
1 0.021 
4.61204
1 0.0004 
4.61404
1 0.0138 
4.61604
1 0.0056 
4.61804
1 0.0314 
4.62004
1 0.0096 
4.62204
1 0.0188 
4.62404
1 0.0092 
4.62604
1 0.0166 
4.62804
1 0.0068 
4.63003
1 0.002 
4.63203
1 0.0074 
4.63403
1 0.0142 
4.63603
1 0.0038 
4.63803
1 0.025 
4.64003
1 0.0188 
4.64203
1 0.0102 
4.64403
1 0.02 
4.64603
1 0.0032 
4.64803
1 0.0014 
4.65003
1 0.002 
4.65203
1 0.012 
4.65403
1 0.026 
4.65603
1 0.0082 
4.65803
1 0.015 
4.66003
1 0.0122 
4.66203
1 0.0086 
4.66403
1 0.0108 
4.66603
1 0.0014 
4.66803
1 0.0112 
4.67003
1 0.0086 
4.67203
1 0.0308 
4.67403
1 0.0232 
4.67603
1 0.0116 
4.67803
1 0.0084 
4.68003
1 0.006 
4.68203
1 0.0172 
4.68403
1 0.0172 
4.68603
1 0.0024 
4.68803
1 0.0094 
4.69003
1 0.0048 
4.69203
1 0.02 
4.69403
1 0.0096 
4.69603
1 0.0208 
4.69803
1 0.033 
4.70003
1 0.0036 
4.70203
1 0.0186 
4.70403
1 0.0072 
4.70603
1 0.0094 
4.70803
1 0.004 
4.71003
1 0.0234 
4.71203
1 0.0386 
4.71403
1 0.004 
4.71603
1 0.0064 
4.71803
1 0.0024 
4.72003
1 0.0196 
4.72203
1 0.0008 
4.72403
1 0.0238 
4.72603
1 0.044 
4.72803
1 0.0028 
4.73003
1 0.0292 
4.73203
1 0.0354 
4.73403
1 0.0066 
4.73603
1 0.0146 
4.73803
1 0.0206 
4.74003
1 0.0104 
4.74203
1 0.0018 
4.74403
1 0.0256 
4.74603
1 0.0234 
4.74803
1 0.0072 
4.75003
1 0.0012 
4.75203
1 0.0196 
4.75403
1 0.0014 
4.75603
1 0.0064 
4.75803
1 0.0004 
4.76003
1 0.009 
4.76203
1 0.003 
4.76403
1 0.0146 
4.76603
1 0.0174 
4.76802
1 0.0246 
4.77002
1 0.0384 
4.77202
1 0.0242 
4.77402
1 0.0158 
4.77602
1 0.0306 
4.77802
1 0.0098 
4.78002
1 0.0154 
4.78202
1 0.0036 
4.78402
1 0.01 
4.78602
1 0.016 
4.78802
1 0.0182 
4.79002
1 0.023 
4.79202
1 0.0092 
4.79402
1 0.0038 
4.79602
1 0.0064 
4.79802
1 0.0068 
4.80002
1 0.0222 
4.80202
1 0.0072 
4.80402
1 0.014 
4.80602
1 0.0066 
4.80802
1 0.012 
4.81002
1 0.0174 
4.81202
1 0.0028 
4.81402
1 0.0058 
4.81602
1 0.001 
4.81802
1 0.0124 
4.82002
1 0.0174 
4.82202
1 0.0002 
4.82402
1 0.0058 
4.82602
1 0.0022 
4.82802
1 0.0166 
4.83002
1 0.0056 
4.83202
1 0.014 
4.83402
1 0.0012 
4.83602
1 0.017 
4.83802
1 0.0008 
4.84002
1 0.0062 
4.84202
1 0.0458 
4.84402
1 0.018 
4.84602
1 0.021 
4.84802
1 0.0072 
4.85002
1 0.0184 
4.85202
1 0.007 
4.85402
1 0.0258 
4.85602
1 0.0444 
4.85802
1 0.0052 
4.86002
1 0.0118 
4.86202
1 0.009 
4.86402
1 0.0132 
4.86602
1 0.0266 
4.86802
1 0.0028 
4.87002
1 0.0348 
4.87202
1 0.0004 
4.87402
1 0.0112 
4.87602
1 0.0116 
4.87802
1 0.0136 
4.88002
1 0.0076 
4.88202
1 0.021 
4.88402
1 0.0008 
4.88602
1 0.0232 
4.88802
1 0.0152 
4.89002
1 0.013 
4.89202
1 0.0328 
4.89402
1 0.016 
4.89602
1 0.0022 
4.89802
1 0.0262 
4.90002
1 0.0182 
4.90202
1 0.007 
4.90402
1 0.0004 
4.90601
1 0.021 
4.90801
1 0.006 
4.91001
1 0.03 
4.91201
1 0.0078 
4.91401
1 0.0246 
4.91601
1 0.004 
4.91801
1 0.0194 
4.92001
1 0.0136 
4.92201
1 0.0004 
4.92401
1 0.0118 
4.92601
1 0.0186 
4.92801
1 0.0374 
4.93001
1 0.0174 
4.93201
1 0.0008 
4.93401
1 0.0108 
4.93601
1 0.0234 
4.93801
1 0.0266 
4.94001
1 0.0104 
4.94201
1 0.004 
4.94401
1 0.0094 
4.94601
1 0.0048 
4.94801
1 0.0118 
4.95001
1 0.0284 
4.95201
1 0.0028 
4.95401
1 0.008 
4.95601
1 0.0106 
4.95801
1 0.0182 
4.96001
1 0.0154 
4.96201
1 0.0016 
4.96401
1 0.0266 
4.96601
1 0.0264 
4.96801
1 0.0168 
4.97001
1 0.0176 
4.97201
1 0.0246 
4.97401
1 0.0198 
4.97601
1 0.0046 
4.97801
1 0.0144 
4.98001
1 0.0116 
4.98201
1 0.0098 
4.98401
1 0.0228 
4.98601
1 0.013 
4.98801
1 0.0114 
4.99001
1 0.009 
4.99201
1 0.002 
4.99401
1 0.0048 
4.99601
1 0 
4.99801
1 0.007 
